instance 	 Gamma 	 status 	 objbound 	 objval 	 mipgap 	 runtime 
j301_1 	 3 	 2 	 56.00 	 56.00 	 0.0000 	 4.88 
j301_1 	 5 	 2 	 62.00 	 62.00 	 0.0000 	 8.45 
j301_1 	 7 	 2 	 65.00 	 65.00 	 0.0000 	 10.83 
j301_2 	 3 	 2 	 62.00 	 62.00 	 0.0000 	 1.90 
j301_2 	 5 	 2 	 68.00 	 68.00 	 0.0000 	 4.66 
j301_2 	 7 	 2 	 71.00 	 71.00 	 0.0000 	 18.22 
j301_3 	 3 	 2 	 60.00 	 60.00 	 0.0000 	 1.33 
j301_3 	 5 	 2 	 66.00 	 66.00 	 0.0000 	 3.54 
j301_3 	 7 	 2 	 69.00 	 69.00 	 0.0000 	 8.89 
j301_4 	 3 	 2 	 77.00 	 77.00 	 0.0000 	 6.21 
j301_4 	 5 	 2 	 87.00 	 87.00 	 0.0000 	 11.25 
j301_4 	 7 	 2 	 95.00 	 95.00 	 0.0000 	 10.53 
j301_5 	 3 	 2 	 50.00 	 50.00 	 0.0000 	 5.08 
j301_5 	 5 	 2 	 55.00 	 55.00 	 0.0000 	 20.24 
j301_5 	 7 	 2 	 58.00 	 58.00 	 0.0000 	 14.79 
j301_6 	 3 	 2 	 63.00 	 63.00 	 0.0000 	 3.45 
j301_6 	 5 	 2 	 70.00 	 70.00 	 0.0000 	 16.61 
j301_6 	 7 	 2 	 74.00 	 74.00 	 0.0000 	 13.52 
j301_7 	 3 	 2 	 73.00 	 73.00 	 0.0000 	 0.63 
j301_7 	 5 	 2 	 81.00 	 81.00 	 0.0000 	 1.52 
j301_7 	 7 	 2 	 88.00 	 88.00 	 0.0000 	 1.91 
j301_8 	 3 	 2 	 68.00 	 68.00 	 0.0000 	 1.56 
j301_8 	 5 	 2 	 75.00 	 75.00 	 0.0000 	 2.06 
j301_8 	 7 	 2 	 80.00 	 80.00 	 0.0000 	 3.34 
j301_9 	 3 	 2 	 62.00 	 62.00 	 0.0000 	 3.36 
j301_9 	 5 	 2 	 68.00 	 68.00 	 0.0000 	 5.86 
j301_9 	 7 	 2 	 73.00 	 73.00 	 0.0000 	 10.07 
j301_10 	 3 	 2 	 59.00 	 59.00 	 0.0000 	 1.79 
j301_10 	 5 	 2 	 65.00 	 65.00 	 0.0000 	 2.63 
j301_10 	 7 	 2 	 69.00 	 69.00 	 0.0000 	 9.65 
j302_1 	 3 	 2 	 50.00 	 50.00 	 0.0000 	 1.19 
j302_1 	 5 	 2 	 56.00 	 56.00 	 0.0000 	 2.02 
j302_1 	 7 	 2 	 59.00 	 59.00 	 0.0000 	 3.83 
j302_2 	 3 	 2 	 66.00 	 66.00 	 0.0000 	 1.09 
j302_2 	 5 	 2 	 75.00 	 75.00 	 0.0000 	 1.81 
j302_2 	 7 	 2 	 78.00 	 78.00 	 0.0000 	 3.00 
j302_3 	 3 	 2 	 58.00 	 58.00 	 0.0000 	 0.69 
j302_3 	 5 	 2 	 63.00 	 63.00 	 0.0000 	 1.32 
j302_3 	 7 	 2 	 65.00 	 65.00 	 0.0000 	 1.91 
j302_4 	 3 	 2 	 56.00 	 56.00 	 0.0000 	 0.77 
j302_4 	 5 	 2 	 63.00 	 63.00 	 0.0000 	 1.11 
j302_4 	 7 	 2 	 67.00 	 67.00 	 0.0000 	 1.57 
j302_5 	 3 	 2 	 66.00 	 66.00 	 0.0000 	 0.80 
j302_5 	 5 	 2 	 74.00 	 74.00 	 0.0000 	 1.00 
j302_5 	 7 	 2 	 78.00 	 78.00 	 0.0000 	 1.36 
j302_6 	 3 	 2 	 61.00 	 61.00 	 0.0000 	 0.75 
j302_6 	 5 	 2 	 68.00 	 68.00 	 0.0000 	 1.11 
j302_6 	 7 	 2 	 72.00 	 72.00 	 0.0000 	 2.20 
j302_7 	 3 	 2 	 59.00 	 59.00 	 0.0000 	 0.26 
j302_7 	 5 	 2 	 66.00 	 66.00 	 0.0000 	 1.06 
j302_7 	 7 	 2 	 71.00 	 71.00 	 0.0000 	 1.38 
j302_8 	 3 	 2 	 68.00 	 68.00 	 0.0000 	 3.29 
j302_8 	 5 	 2 	 74.00 	 74.00 	 0.0000 	 15.19 
j302_8 	 7 	 2 	 79.00 	 79.00 	 0.0000 	 13.46 
j302_9 	 3 	 2 	 68.00 	 68.00 	 0.0000 	 2.52 
j302_9 	 5 	 2 	 76.00 	 76.00 	 0.0000 	 3.81 
j302_9 	 7 	 2 	 82.00 	 82.00 	 0.0000 	 4.35 
j302_10 	 3 	 2 	 58.00 	 58.00 	 0.0000 	 1.42 
j302_10 	 5 	 2 	 65.00 	 65.00 	 0.0000 	 1.60 
j302_10 	 7 	 2 	 66.00 	 66.00 	 0.0000 	 4.66 
j303_1 	 3 	 2 	 87.00 	 87.00 	 0.0000 	 0.60 
j303_1 	 5 	 2 	 96.00 	 96.00 	 0.0000 	 0.42 
j303_1 	 7 	 2 	 104.00 	 104.00 	 0.0000 	 1.24 
j303_2 	 3 	 2 	 53.00 	 53.00 	 0.0000 	 0.90 
j303_2 	 5 	 2 	 60.00 	 60.00 	 0.0000 	 1.40 
j303_2 	 7 	 2 	 62.00 	 62.00 	 0.0000 	 3.29 
j303_3 	 3 	 2 	 72.00 	 72.00 	 0.0000 	 0.25 
j303_3 	 5 	 2 	 80.00 	 80.00 	 0.0000 	 0.40 
j303_3 	 7 	 2 	 85.00 	 85.00 	 0.0000 	 1.12 
j303_4 	 3 	 2 	 113.00 	 113.00 	 0.0000 	 0.73 
j303_4 	 5 	 2 	 123.00 	 123.00 	 0.0000 	 0.41 
j303_4 	 7 	 2 	 132.00 	 132.00 	 0.0000 	 1.59 
j303_5 	 3 	 2 	 68.00 	 68.00 	 0.0000 	 1.15 
j303_5 	 5 	 2 	 77.00 	 77.00 	 0.0000 	 1.53 
j303_5 	 7 	 2 	 81.00 	 81.00 	 0.0000 	 2.20 
j303_6 	 3 	 2 	 69.00 	 69.00 	 0.0000 	 0.58 
j303_6 	 5 	 2 	 77.00 	 77.00 	 0.0000 	 1.10 
j303_6 	 7 	 2 	 80.00 	 80.00 	 0.0000 	 0.65 
j303_7 	 3 	 2 	 62.00 	 62.00 	 0.0000 	 0.59 
j303_7 	 5 	 2 	 69.00 	 69.00 	 0.0000 	 0.79 
j303_7 	 7 	 2 	 72.00 	 72.00 	 0.0000 	 1.14 
j303_8 	 3 	 2 	 69.00 	 69.00 	 0.0000 	 0.26 
j303_8 	 5 	 2 	 76.00 	 76.00 	 0.0000 	 0.38 
j303_8 	 7 	 2 	 81.00 	 81.00 	 0.0000 	 0.64 
j303_9 	 3 	 2 	 80.00 	 80.00 	 0.0000 	 1.21 
j303_9 	 5 	 2 	 89.00 	 89.00 	 0.0000 	 1.96 
j303_9 	 7 	 2 	 96.00 	 96.00 	 0.0000 	 3.35 
j303_10 	 3 	 2 	 73.00 	 73.00 	 0.0000 	 0.72 
j303_10 	 5 	 2 	 81.00 	 81.00 	 0.0000 	 1.20 
j303_10 	 7 	 2 	 88.00 	 88.00 	 0.0000 	 1.58 
j304_1 	 3 	 2 	 62.00 	 62.00 	 0.0000 	 0.24 
j304_1 	 5 	 2 	 70.00 	 70.00 	 0.0000 	 0.37 
j304_1 	 7 	 2 	 75.00 	 75.00 	 0.0000 	 0.54 
j304_2 	 3 	 2 	 73.00 	 73.00 	 0.0000 	 0.51 
j304_2 	 5 	 2 	 80.00 	 80.00 	 0.0000 	 0.70 
j304_2 	 7 	 2 	 86.00 	 86.00 	 0.0000 	 1.27 
j304_3 	 3 	 2 	 61.00 	 61.00 	 0.0000 	 0.58 
j304_3 	 5 	 2 	 67.00 	 67.00 	 0.0000 	 0.93 
j304_3 	 7 	 2 	 72.00 	 72.00 	 0.0000 	 0.59 
j304_4 	 3 	 2 	 72.00 	 72.00 	 0.0000 	 0.27 
j304_4 	 5 	 2 	 80.00 	 80.00 	 0.0000 	 0.39 
j304_4 	 7 	 2 	 85.00 	 85.00 	 0.0000 	 1.03 
j304_5 	 3 	 2 	 74.00 	 74.00 	 0.0000 	 0.95 
j304_5 	 5 	 2 	 83.00 	 83.00 	 0.0000 	 1.07 
j304_5 	 7 	 2 	 88.00 	 88.00 	 0.0000 	 1.59 
j304_6 	 3 	 2 	 60.00 	 60.00 	 0.0000 	 0.57 
j304_6 	 5 	 2 	 68.00 	 68.00 	 0.0000 	 0.46 
j304_6 	 7 	 2 	 69.00 	 69.00 	 0.0000 	 1.22 
j304_7 	 3 	 2 	 69.00 	 69.00 	 0.0000 	 0.47 
j304_7 	 5 	 2 	 76.00 	 76.00 	 0.0000 	 0.81 
j304_7 	 7 	 2 	 82.00 	 82.00 	 0.0000 	 1.07 
j304_8 	 3 	 2 	 70.00 	 70.00 	 0.0000 	 0.27 
j304_8 	 5 	 2 	 77.00 	 77.00 	 0.0000 	 0.33 
j304_8 	 7 	 2 	 83.00 	 83.00 	 0.0000 	 0.60 
j304_9 	 3 	 2 	 51.00 	 51.00 	 0.0000 	 1.00 
j304_9 	 5 	 2 	 56.00 	 56.00 	 0.0000 	 1.42 
j304_9 	 7 	 2 	 58.00 	 58.00 	 0.0000 	 1.81 
j304_10 	 3 	 2 	 62.00 	 62.00 	 0.0000 	 0.25 
j304_10 	 5 	 2 	 70.00 	 70.00 	 0.0000 	 1.04 
j304_10 	 7 	 2 	 73.00 	 73.00 	 0.0000 	 1.00 
j305_1 	 3 	 9 	 59.00 	 66.00 	 0.1061 	 1200.01 
j305_1 	 5 	 9 	 62.00 	 73.00 	 0.1507 	 1200.02 
j305_1 	 7 	 9 	 67.00 	 79.00 	 0.1519 	 1200.02 
j305_2 	 3 	 9 	 81.00 	 97.00 	 0.1649 	 1200.01 
j305_2 	 5 	 9 	 88.00 	 106.00 	 0.1698 	 1200.04 
j305_2 	 7 	 9 	 92.00 	 116.00 	 0.2069 	 1200.02 
j305_3 	 3 	 9 	 73.00 	 103.00 	 0.2913 	 1200.03 
j305_3 	 5 	 9 	 80.00 	 111.00 	 0.2793 	 1200.01 
j305_3 	 7 	 9 	 83.00 	 114.00 	 0.2719 	 1200.02 
j305_4 	 3 	 9 	 69.00 	 78.00 	 0.1154 	 1200.01 
j305_4 	 5 	 9 	 73.00 	 90.00 	 0.1889 	 1200.01 
j305_4 	 7 	 9 	 80.00 	 93.00 	 0.1398 	 1200.01 
j305_5 	 3 	 9 	 83.00 	 92.00 	 0.0978 	 1200.01 
j305_5 	 5 	 9 	 89.00 	 101.00 	 0.1188 	 1200.02 
j305_5 	 7 	 9 	 95.00 	 108.00 	 0.1204 	 1200.02 
j305_6 	 3 	 9 	 71.00 	 82.00 	 0.1341 	 1200.02 
j305_6 	 5 	 9 	 74.00 	 94.00 	 0.2128 	 1200.04 
j305_6 	 7 	 9 	 78.00 	 100.00 	 0.2200 	 1200.02 
j305_7 	 3 	 9 	 73.00 	 97.00 	 0.2474 	 1200.01 
j305_7 	 5 	 9 	 74.00 	 108.00 	 0.3148 	 1200.03 
j305_7 	 7 	 9 	 81.00 	 117.00 	 0.3077 	 1200.02 
j305_8 	 3 	 9 	 71.00 	 82.00 	 0.1341 	 1200.05 
j305_8 	 5 	 9 	 79.00 	 92.00 	 0.1413 	 1200.01 
j305_8 	 7 	 9 	 82.00 	 107.00 	 0.2336 	 1200.02 
j305_9 	 3 	 9 	 63.00 	 64.00 	 0.0156 	 1200.02 
j305_9 	 5 	 2 	 70.00 	 70.00 	 0.0000 	 676.70 
j305_9 	 7 	 9 	 71.00 	 74.00 	 0.0405 	 1200.01 
j305_10 	 3 	 9 	 81.00 	 85.00 	 0.0471 	 1200.03 
j305_10 	 5 	 9 	 84.00 	 97.00 	 0.1340 	 1200.01 
j305_10 	 7 	 9 	 87.00 	 101.00 	 0.1386 	 1200.02 
j306_1 	 3 	 2 	 74.00 	 74.00 	 0.0000 	 171.68 
j306_1 	 5 	 2 	 82.00 	 82.00 	 0.0000 	 383.55 
j306_1 	 7 	 2 	 88.00 	 88.00 	 0.0000 	 395.65 
j306_2 	 3 	 9 	 65.00 	 66.00 	 0.0152 	 1200.02 
j306_2 	 5 	 2 	 73.00 	 73.00 	 0.0000 	 462.32 
j306_2 	 7 	 2 	 77.00 	 77.00 	 0.0000 	 839.98 
j306_3 	 3 	 2 	 61.00 	 61.00 	 0.0000 	 9.63 
j306_3 	 5 	 2 	 68.00 	 68.00 	 0.0000 	 10.32 
j306_3 	 7 	 2 	 73.00 	 73.00 	 0.0000 	 16.99 
j306_4 	 3 	 2 	 55.00 	 55.00 	 0.0000 	 95.08 
j306_4 	 5 	 2 	 62.00 	 62.00 	 0.0000 	 140.26 
j306_4 	 7 	 2 	 65.00 	 65.00 	 0.0000 	 525.73 
j306_5 	 3 	 2 	 82.00 	 82.00 	 0.0000 	 22.76 
j306_5 	 5 	 2 	 90.00 	 90.00 	 0.0000 	 12.06 
j306_5 	 7 	 2 	 98.00 	 98.00 	 0.0000 	 25.14 
j306_6 	 3 	 2 	 47.00 	 47.00 	 0.0000 	 2.48 
j306_6 	 5 	 2 	 52.00 	 52.00 	 0.0000 	 11.30 
j306_6 	 7 	 2 	 56.00 	 56.00 	 0.0000 	 17.42 
j306_7 	 3 	 2 	 60.00 	 60.00 	 0.0000 	 9.96 
j306_7 	 5 	 2 	 66.00 	 66.00 	 0.0000 	 22.36 
j306_7 	 7 	 2 	 70.00 	 70.00 	 0.0000 	 42.18 
j306_8 	 3 	 2 	 53.00 	 53.00 	 0.0000 	 18.60 
j306_8 	 5 	 2 	 59.00 	 59.00 	 0.0000 	 28.82 
j306_8 	 7 	 2 	 60.00 	 60.00 	 0.0000 	 62.26 
j306_9 	 3 	 2 	 64.00 	 64.00 	 0.0000 	 8.50 
j306_9 	 5 	 2 	 72.00 	 72.00 	 0.0000 	 13.33 
j306_9 	 7 	 2 	 77.00 	 77.00 	 0.0000 	 17.98 
j306_10 	 3 	 2 	 76.00 	 76.00 	 0.0000 	 19.80 
j306_10 	 5 	 2 	 84.00 	 84.00 	 0.0000 	 23.92 
j306_10 	 7 	 2 	 90.00 	 90.00 	 0.0000 	 57.76 
j307_1 	 3 	 2 	 70.00 	 70.00 	 0.0000 	 1.21 
j307_1 	 5 	 2 	 76.00 	 76.00 	 0.0000 	 4.11 
j307_1 	 7 	 2 	 81.00 	 81.00 	 0.0000 	 3.03 
j307_2 	 3 	 2 	 56.00 	 56.00 	 0.0000 	 3.77 
j307_2 	 5 	 2 	 62.00 	 62.00 	 0.0000 	 4.66 
j307_2 	 7 	 2 	 65.00 	 65.00 	 0.0000 	 7.41 
j307_3 	 3 	 2 	 55.00 	 55.00 	 0.0000 	 3.29 
j307_3 	 5 	 2 	 60.00 	 60.00 	 0.0000 	 7.93 
j307_3 	 7 	 2 	 63.00 	 63.00 	 0.0000 	 11.27 
j307_4 	 3 	 2 	 56.00 	 56.00 	 0.0000 	 2.95 
j307_4 	 5 	 2 	 62.00 	 62.00 	 0.0000 	 8.13 
j307_4 	 7 	 2 	 67.00 	 67.00 	 0.0000 	 19.02 
j307_5 	 3 	 2 	 58.00 	 58.00 	 0.0000 	 3.97 
j307_5 	 5 	 2 	 65.00 	 65.00 	 0.0000 	 7.02 
j307_5 	 7 	 2 	 68.00 	 68.00 	 0.0000 	 11.26 
j307_6 	 3 	 2 	 47.00 	 47.00 	 0.0000 	 1.01 
j307_6 	 5 	 2 	 52.00 	 52.00 	 0.0000 	 2.41 
j307_6 	 7 	 2 	 55.00 	 55.00 	 0.0000 	 3.73 
j307_7 	 3 	 2 	 65.00 	 65.00 	 0.0000 	 3.99 
j307_7 	 5 	 2 	 71.00 	 71.00 	 0.0000 	 10.15 
j307_7 	 7 	 2 	 75.00 	 75.00 	 0.0000 	 8.39 
j307_8 	 3 	 2 	 56.00 	 56.00 	 0.0000 	 4.18 
j307_8 	 5 	 2 	 63.00 	 63.00 	 0.0000 	 10.12 
j307_8 	 7 	 2 	 67.00 	 67.00 	 0.0000 	 22.02 
j307_9 	 3 	 2 	 75.00 	 75.00 	 0.0000 	 6.35 
j307_9 	 5 	 2 	 83.00 	 83.00 	 0.0000 	 10.28 
j307_9 	 7 	 2 	 88.00 	 88.00 	 0.0000 	 16.81 
j307_10 	 3 	 2 	 62.00 	 62.00 	 0.0000 	 10.55 
j307_10 	 5 	 2 	 68.00 	 68.00 	 0.0000 	 12.59 
j307_10 	 7 	 2 	 72.00 	 72.00 	 0.0000 	 21.47 
j308_1 	 3 	 2 	 59.00 	 59.00 	 0.0000 	 0.72 
j308_1 	 5 	 2 	 67.00 	 67.00 	 0.0000 	 1.36 
j308_1 	 7 	 2 	 68.00 	 68.00 	 0.0000 	 4.44 
j308_2 	 3 	 2 	 64.00 	 64.00 	 0.0000 	 0.59 
j308_2 	 5 	 2 	 71.00 	 71.00 	 0.0000 	 1.18 
j308_2 	 7 	 2 	 77.00 	 77.00 	 0.0000 	 1.56 
j308_3 	 3 	 2 	 66.00 	 66.00 	 0.0000 	 0.62 
j308_3 	 5 	 2 	 73.00 	 73.00 	 0.0000 	 1.49 
j308_3 	 7 	 2 	 79.00 	 79.00 	 0.0000 	 2.23 
j308_4 	 3 	 2 	 61.00 	 61.00 	 0.0000 	 0.36 
j308_4 	 5 	 2 	 68.00 	 68.00 	 0.0000 	 0.97 
j308_4 	 7 	 2 	 72.00 	 72.00 	 0.0000 	 3.81 
j308_5 	 3 	 2 	 73.00 	 73.00 	 0.0000 	 0.69 
j308_5 	 5 	 2 	 80.00 	 80.00 	 0.0000 	 0.99 
j308_5 	 7 	 2 	 85.00 	 85.00 	 0.0000 	 2.85 
j308_6 	 3 	 2 	 62.00 	 62.00 	 0.0000 	 0.63 
j308_6 	 5 	 2 	 68.00 	 68.00 	 0.0000 	 1.61 
j308_6 	 7 	 2 	 72.00 	 72.00 	 0.0000 	 1.72 
j308_7 	 3 	 2 	 53.00 	 53.00 	 0.0000 	 0.40 
j308_7 	 5 	 2 	 59.00 	 59.00 	 0.0000 	 0.98 
j308_7 	 7 	 2 	 62.00 	 62.00 	 0.0000 	 1.75 
j308_8 	 3 	 2 	 66.00 	 66.00 	 0.0000 	 0.73 
j308_8 	 5 	 2 	 73.00 	 73.00 	 0.0000 	 1.65 
j308_8 	 7 	 2 	 78.00 	 78.00 	 0.0000 	 1.71 
j308_9 	 3 	 2 	 51.00 	 51.00 	 0.0000 	 0.71 
j308_9 	 5 	 2 	 57.00 	 57.00 	 0.0000 	 1.26 
j308_9 	 7 	 2 	 60.00 	 60.00 	 0.0000 	 2.30 
j308_10 	 3 	 2 	 81.00 	 81.00 	 0.0000 	 0.82 
j308_10 	 5 	 2 	 89.00 	 89.00 	 0.0000 	 1.29 
j308_10 	 7 	 2 	 96.00 	 96.00 	 0.0000 	 1.99 
j309_1 	 3 	 9 	 69.00 	 106.00 	 0.3491 	 1200.01 
j309_1 	 5 	 9 	 77.00 	 105.00 	 0.2667 	 1200.01 
j309_1 	 7 	 9 	 82.00 	 128.00 	 0.3594 	 1200.02 
j309_2 	 3 	 9 	 61.00 	 120.00 	 0.4917 	 1200.01 
j309_2 	 5 	 9 	 65.00 	 139.00 	 0.5324 	 1200.02 
j309_2 	 7 	 9 	 68.00 	 inf 	 inf 	 1200.01 
j309_3 	 3 	 9 	 70.00 	 90.00 	 0.2222 	 1200.01 
j309_3 	 5 	 9 	 70.00 	 101.00 	 0.3069 	 1200.01 
j309_3 	 7 	 9 	 83.00 	 115.00 	 0.2783 	 1200.05 
j309_4 	 3 	 9 	 67.00 	 99.00 	 0.3232 	 1200.02 
j309_4 	 5 	 9 	 76.00 	 102.00 	 0.2549 	 1200.02 
j309_4 	 7 	 9 	 80.00 	 110.00 	 0.2727 	 1200.02 
j309_5 	 3 	 9 	 68.00 	 88.00 	 0.2273 	 1200.03 
j309_5 	 5 	 9 	 74.00 	 102.00 	 0.2745 	 1200.02 
j309_5 	 7 	 9 	 78.00 	 106.00 	 0.2642 	 1200.02 
j309_6 	 3 	 9 	 61.00 	 81.00 	 0.2469 	 1200.03 
j309_6 	 5 	 9 	 69.00 	 87.00 	 0.2069 	 1200.02 
j309_6 	 7 	 9 	 72.00 	 105.00 	 0.3143 	 1200.02 
j309_7 	 3 	 9 	 55.00 	 86.00 	 0.3605 	 1200.02 
j309_7 	 5 	 9 	 61.00 	 101.00 	 0.3960 	 1200.03 
j309_7 	 7 	 9 	 63.00 	 120.00 	 0.4750 	 1200.02 
j309_8 	 3 	 9 	 73.00 	 115.00 	 0.3652 	 1200.01 
j309_8 	 5 	 9 	 81.00 	 146.00 	 0.4452 	 1200.02 
j309_8 	 7 	 9 	 87.00 	 151.00 	 0.4238 	 1200.04 
j309_9 	 3 	 9 	 51.00 	 83.00 	 0.3855 	 1200.01 
j309_9 	 5 	 9 	 57.00 	 98.00 	 0.4184 	 1200.02 
j309_9 	 7 	 9 	 59.00 	 100.00 	 0.4100 	 1200.02 
j309_10 	 3 	 9 	 77.00 	 113.00 	 0.3186 	 1200.02 
j309_10 	 5 	 9 	 85.00 	 114.00 	 0.2544 	 1200.02 
j309_10 	 7 	 9 	 92.00 	 131.00 	 0.2977 	 1200.02 
j3010_1 	 3 	 2 	 56.00 	 56.00 	 0.0000 	 16.00 
j3010_1 	 5 	 2 	 61.00 	 61.00 	 0.0000 	 18.87 
j3010_1 	 7 	 2 	 64.00 	 64.00 	 0.0000 	 44.46 
j3010_2 	 3 	 9 	 69.00 	 70.00 	 0.0143 	 1200.01 
j3010_2 	 5 	 9 	 77.00 	 78.00 	 0.0128 	 1200.02 
j3010_2 	 7 	 9 	 81.00 	 83.00 	 0.0241 	 1200.02 
j3010_3 	 3 	 9 	 76.00 	 77.00 	 0.0130 	 1200.01 
j3010_3 	 5 	 9 	 85.00 	 86.00 	 0.0116 	 1200.02 
j3010_3 	 7 	 9 	 92.00 	 93.00 	 0.0108 	 1200.02 
j3010_4 	 3 	 9 	 72.00 	 73.00 	 0.0137 	 1200.01 
j3010_4 	 5 	 9 	 80.00 	 81.00 	 0.0123 	 1200.01 
j3010_4 	 7 	 9 	 84.00 	 86.00 	 0.0233 	 1200.02 
j3010_5 	 3 	 9 	 54.00 	 55.00 	 0.0182 	 1200.02 
j3010_5 	 5 	 2 	 60.00 	 60.00 	 0.0000 	 924.66 
j3010_5 	 7 	 9 	 63.00 	 64.00 	 0.0156 	 1200.03 
j3010_6 	 3 	 9 	 53.00 	 58.00 	 0.0862 	 1200.01 
j3010_6 	 5 	 9 	 59.00 	 64.00 	 0.0781 	 1200.02 
j3010_6 	 7 	 9 	 62.00 	 68.00 	 0.0882 	 1200.02 
j3010_7 	 3 	 2 	 63.00 	 63.00 	 0.0000 	 146.33 
j3010_7 	 5 	 2 	 71.00 	 71.00 	 0.0000 	 71.54 
j3010_7 	 7 	 2 	 76.00 	 76.00 	 0.0000 	 344.24 
j3010_8 	 3 	 9 	 63.00 	 68.00 	 0.0735 	 1200.02 
j3010_8 	 5 	 9 	 71.00 	 76.00 	 0.0658 	 1200.01 
j3010_8 	 7 	 9 	 77.00 	 81.00 	 0.0494 	 1200.02 
j3010_9 	 3 	 2 	 64.00 	 64.00 	 0.0000 	 3.33 
j3010_9 	 5 	 2 	 72.00 	 72.00 	 0.0000 	 3.66 
j3010_9 	 7 	 2 	 75.00 	 75.00 	 0.0000 	 20.42 
j3010_10 	 3 	 2 	 54.00 	 54.00 	 0.0000 	 693.05 
j3010_10 	 5 	 2 	 60.00 	 60.00 	 0.0000 	 239.73 
j3010_10 	 7 	 2 	 63.00 	 63.00 	 0.0000 	 821.87 
j3011_1 	 3 	 2 	 68.00 	 68.00 	 0.0000 	 197.43 
j3011_1 	 5 	 2 	 75.00 	 75.00 	 0.0000 	 13.19 
j3011_1 	 7 	 2 	 80.00 	 80.00 	 0.0000 	 36.49 
j3011_2 	 3 	 2 	 71.00 	 71.00 	 0.0000 	 8.76 
j3011_2 	 5 	 2 	 79.00 	 79.00 	 0.0000 	 18.94 
j3011_2 	 7 	 2 	 84.00 	 84.00 	 0.0000 	 13.85 
j3011_3 	 3 	 2 	 96.00 	 96.00 	 0.0000 	 3.14 
j3011_3 	 5 	 2 	 104.00 	 104.00 	 0.0000 	 3.32 
j3011_3 	 7 	 2 	 112.00 	 112.00 	 0.0000 	 2.21 
j3011_4 	 3 	 2 	 78.00 	 78.00 	 0.0000 	 34.60 
j3011_4 	 5 	 2 	 86.00 	 86.00 	 0.0000 	 96.71 
j3011_4 	 7 	 2 	 94.00 	 94.00 	 0.0000 	 233.41 
j3011_5 	 3 	 9 	 62.00 	 63.00 	 0.0159 	 1200.01 
j3011_5 	 5 	 2 	 70.00 	 70.00 	 0.0000 	 1159.47 
j3011_5 	 7 	 9 	 74.00 	 75.00 	 0.0133 	 1200.03 
j3011_6 	 3 	 2 	 56.00 	 56.00 	 0.0000 	 6.19 
j3011_6 	 5 	 2 	 62.00 	 62.00 	 0.0000 	 11.15 
j3011_6 	 7 	 2 	 66.00 	 66.00 	 0.0000 	 14.19 
j3011_7 	 3 	 2 	 49.00 	 49.00 	 0.0000 	 19.68 
j3011_7 	 5 	 2 	 54.00 	 54.00 	 0.0000 	 516.76 
j3011_7 	 7 	 2 	 55.00 	 55.00 	 0.0000 	 165.87 
j3011_8 	 3 	 2 	 77.00 	 77.00 	 0.0000 	 11.64 
j3011_8 	 5 	 2 	 85.00 	 85.00 	 0.0000 	 11.80 
j3011_8 	 7 	 2 	 92.00 	 92.00 	 0.0000 	 26.37 
j3011_9 	 3 	 2 	 82.00 	 82.00 	 0.0000 	 4.40 
j3011_9 	 5 	 2 	 91.00 	 91.00 	 0.0000 	 8.72 
j3011_9 	 7 	 2 	 98.00 	 98.00 	 0.0000 	 9.36 
j3011_10 	 3 	 2 	 50.00 	 50.00 	 0.0000 	 2.63 
j3011_10 	 5 	 2 	 56.00 	 56.00 	 0.0000 	 3.33 
j3011_10 	 7 	 2 	 59.00 	 59.00 	 0.0000 	 6.10 
j3012_1 	 3 	 2 	 61.00 	 61.00 	 0.0000 	 1.34 
j3012_1 	 5 	 2 	 69.00 	 69.00 	 0.0000 	 2.63 
j3012_1 	 7 	 2 	 72.00 	 72.00 	 0.0000 	 5.21 
j3012_2 	 3 	 2 	 60.00 	 60.00 	 0.0000 	 1.51 
j3012_2 	 5 	 2 	 68.00 	 68.00 	 0.0000 	 2.53 
j3012_2 	 7 	 2 	 71.00 	 71.00 	 0.0000 	 4.74 
j3012_3 	 3 	 2 	 49.00 	 49.00 	 0.0000 	 0.65 
j3012_3 	 5 	 2 	 55.00 	 55.00 	 0.0000 	 1.77 
j3012_3 	 7 	 2 	 57.00 	 57.00 	 0.0000 	 1.05 
j3012_4 	 3 	 2 	 78.00 	 78.00 	 0.0000 	 0.63 
j3012_4 	 5 	 2 	 87.00 	 87.00 	 0.0000 	 0.77 
j3012_4 	 7 	 2 	 93.00 	 93.00 	 0.0000 	 0.95 
j3012_5 	 3 	 2 	 62.00 	 62.00 	 0.0000 	 0.65 
j3012_5 	 5 	 2 	 69.00 	 69.00 	 0.0000 	 0.82 
j3012_5 	 7 	 2 	 72.00 	 72.00 	 0.0000 	 1.03 
j3012_6 	 3 	 2 	 68.00 	 68.00 	 0.0000 	 1.54 
j3012_6 	 5 	 2 	 74.00 	 74.00 	 0.0000 	 2.63 
j3012_6 	 7 	 2 	 79.00 	 79.00 	 0.0000 	 3.36 
j3012_7 	 3 	 2 	 70.00 	 70.00 	 0.0000 	 1.01 
j3012_7 	 5 	 2 	 78.00 	 78.00 	 0.0000 	 0.84 
j3012_7 	 7 	 2 	 82.00 	 82.00 	 0.0000 	 3.32 
j3012_8 	 3 	 2 	 49.00 	 49.00 	 0.0000 	 0.91 
j3012_8 	 5 	 2 	 53.00 	 53.00 	 0.0000 	 1.61 
j3012_8 	 7 	 2 	 54.00 	 54.00 	 0.0000 	 1.06 
j3012_9 	 3 	 2 	 67.00 	 67.00 	 0.0000 	 1.68 
j3012_9 	 5 	 2 	 75.00 	 75.00 	 0.0000 	 1.38 
j3012_9 	 7 	 2 	 80.00 	 80.00 	 0.0000 	 7.41 
j3012_10 	 3 	 2 	 71.00 	 71.00 	 0.0000 	 0.53 
j3012_10 	 5 	 2 	 79.00 	 79.00 	 0.0000 	 1.31 
j3012_10 	 7 	 2 	 86.00 	 86.00 	 0.0000 	 1.83 
j3013_1 	 3 	 9 	 49.00 	 82.00 	 0.4024 	 1200.01 
j3013_1 	 5 	 9 	 54.00 	 89.00 	 0.3933 	 1200.01 
j3013_1 	 7 	 9 	 54.00 	 105.00 	 0.4857 	 1200.02 
j3013_2 	 3 	 9 	 48.00 	 86.00 	 0.4419 	 1200.01 
j3013_2 	 5 	 9 	 52.00 	 97.00 	 0.4639 	 1200.03 
j3013_2 	 7 	 9 	 54.00 	 105.00 	 0.4857 	 1200.01 
j3013_3 	 3 	 9 	 58.00 	 100.00 	 0.4200 	 1200.01 
j3013_3 	 5 	 9 	 65.00 	 131.00 	 0.5038 	 1200.01 
j3013_3 	 7 	 9 	 69.00 	 115.00 	 0.4000 	 1200.01 
j3013_4 	 3 	 9 	 63.00 	 102.00 	 0.3824 	 1200.01 
j3013_4 	 5 	 9 	 69.00 	 105.00 	 0.3429 	 1200.01 
j3013_4 	 7 	 9 	 74.00 	 116.00 	 0.3621 	 1200.01 
j3013_5 	 3 	 9 	 57.00 	 88.00 	 0.3523 	 1200.01 
j3013_5 	 5 	 9 	 63.00 	 105.00 	 0.4000 	 1200.01 
j3013_5 	 7 	 9 	 66.00 	 102.00 	 0.3529 	 1200.01 
j3013_6 	 3 	 9 	 57.00 	 82.00 	 0.3049 	 1200.01 
j3013_6 	 5 	 9 	 64.00 	 91.00 	 0.2967 	 1200.01 
j3013_6 	 7 	 9 	 67.00 	 99.00 	 0.3232 	 1200.01 
j3013_7 	 3 	 9 	 63.00 	 98.00 	 0.3571 	 1200.01 
j3013_7 	 5 	 9 	 69.00 	 115.00 	 0.4000 	 1200.05 
j3013_7 	 7 	 9 	 74.00 	 114.00 	 0.3509 	 1200.01 
j3013_8 	 3 	 9 	 64.00 	 142.00 	 0.5493 	 1200.01 
j3013_8 	 5 	 9 	 71.00 	 inf 	 inf 	 1200.01 
j3013_8 	 7 	 9 	 76.00 	 168.00 	 0.5476 	 1200.02 
j3013_9 	 3 	 9 	 65.00 	 96.00 	 0.3229 	 1200.01 
j3013_9 	 5 	 9 	 72.00 	 111.00 	 0.3514 	 1200.02 
j3013_9 	 7 	 9 	 75.00 	 112.00 	 0.3304 	 1200.02 
j3013_10 	 3 	 9 	 66.00 	 82.00 	 0.1951 	 1200.01 
j3013_10 	 5 	 9 	 74.00 	 97.00 	 0.2371 	 1200.01 
j3013_10 	 7 	 9 	 78.00 	 107.00 	 0.2710 	 1200.01 
j3014_1 	 3 	 9 	 60.00 	 63.00 	 0.0476 	 1200.01 
j3014_1 	 5 	 9 	 66.00 	 70.00 	 0.0571 	 1200.01 
j3014_1 	 7 	 9 	 69.00 	 74.00 	 0.0676 	 1200.01 
j3014_2 	 3 	 9 	 61.00 	 68.00 	 0.1029 	 1200.01 
j3014_2 	 5 	 9 	 68.00 	 76.00 	 0.1053 	 1200.01 
j3014_2 	 7 	 9 	 69.00 	 82.00 	 0.1585 	 1200.02 
j3014_3 	 3 	 2 	 73.00 	 73.00 	 0.0000 	 821.71 
j3014_3 	 5 	 9 	 81.00 	 82.00 	 0.0122 	 1200.01 
j3014_3 	 7 	 2 	 88.00 	 88.00 	 0.0000 	 395.04 
j3014_4 	 3 	 2 	 62.00 	 62.00 	 0.0000 	 155.64 
j3014_4 	 5 	 9 	 64.00 	 70.00 	 0.0857 	 1200.01 
j3014_4 	 7 	 9 	 68.00 	 75.00 	 0.0933 	 1200.01 
j3014_5 	 3 	 9 	 65.00 	 67.00 	 0.0299 	 1200.03 
j3014_5 	 5 	 9 	 73.00 	 74.00 	 0.0135 	 1200.01 
j3014_5 	 7 	 9 	 77.00 	 78.00 	 0.0128 	 1200.02 
j3014_6 	 3 	 9 	 45.00 	 46.00 	 0.0217 	 1200.01 
j3014_6 	 5 	 2 	 50.00 	 50.00 	 0.0000 	 630.12 
j3014_6 	 7 	 9 	 53.00 	 54.00 	 0.0185 	 1200.01 
j3014_7 	 3 	 9 	 60.00 	 65.00 	 0.0769 	 1200.01 
j3014_7 	 5 	 9 	 66.00 	 71.00 	 0.0704 	 1200.01 
j3014_7 	 7 	 9 	 71.00 	 77.00 	 0.0779 	 1200.01 
j3014_8 	 3 	 2 	 69.00 	 69.00 	 0.0000 	 8.16 
j3014_8 	 5 	 2 	 77.00 	 77.00 	 0.0000 	 17.91 
j3014_8 	 7 	 2 	 82.00 	 82.00 	 0.0000 	 27.67 
j3014_9 	 3 	 9 	 58.00 	 62.00 	 0.0645 	 1200.03 
j3014_9 	 5 	 9 	 64.00 	 69.00 	 0.0725 	 1200.01 
j3014_9 	 7 	 9 	 67.00 	 74.00 	 0.0946 	 1200.01 
j3014_10 	 3 	 9 	 74.00 	 75.00 	 0.0133 	 1200.02 
j3014_10 	 5 	 9 	 81.00 	 82.00 	 0.0122 	 1200.01 
j3014_10 	 7 	 9 	 89.00 	 90.00 	 0.0111 	 1200.01 
j3015_1 	 3 	 2 	 61.00 	 61.00 	 0.0000 	 4.89 
j3015_1 	 5 	 2 	 66.00 	 66.00 	 0.0000 	 12.68 
j3015_1 	 7 	 2 	 69.00 	 69.00 	 0.0000 	 22.43 
j3015_2 	 3 	 2 	 61.00 	 61.00 	 0.0000 	 3.01 
j3015_2 	 5 	 2 	 67.00 	 67.00 	 0.0000 	 2.62 
j3015_2 	 7 	 2 	 70.00 	 70.00 	 0.0000 	 3.76 
j3015_3 	 3 	 2 	 63.00 	 63.00 	 0.0000 	 5.81 
j3015_3 	 5 	 2 	 69.00 	 69.00 	 0.0000 	 10.33 
j3015_3 	 7 	 2 	 71.00 	 71.00 	 0.0000 	 14.75 
j3015_4 	 3 	 2 	 62.00 	 62.00 	 0.0000 	 0.96 
j3015_4 	 5 	 2 	 70.00 	 70.00 	 0.0000 	 1.59 
j3015_4 	 7 	 2 	 74.00 	 74.00 	 0.0000 	 2.42 
j3015_5 	 3 	 9 	 71.00 	 74.00 	 0.0405 	 1200.01 
j3015_5 	 5 	 9 	 79.00 	 81.00 	 0.0247 	 1200.02 
j3015_5 	 7 	 9 	 84.00 	 88.00 	 0.0455 	 1200.02 
j3015_6 	 3 	 2 	 82.00 	 82.00 	 0.0000 	 7.02 
j3015_6 	 5 	 2 	 90.00 	 90.00 	 0.0000 	 11.89 
j3015_6 	 7 	 2 	 98.00 	 98.00 	 0.0000 	 8.35 
j3015_7 	 3 	 2 	 60.00 	 60.00 	 0.0000 	 5.54 
j3015_7 	 5 	 2 	 66.00 	 66.00 	 0.0000 	 7.78 
j3015_7 	 7 	 2 	 71.00 	 71.00 	 0.0000 	 20.11 
j3015_8 	 3 	 2 	 65.00 	 65.00 	 0.0000 	 12.72 
j3015_8 	 5 	 2 	 72.00 	 72.00 	 0.0000 	 32.11 
j3015_8 	 7 	 2 	 76.00 	 76.00 	 0.0000 	 30.19 
j3015_9 	 3 	 2 	 67.00 	 67.00 	 0.0000 	 9.18 
j3015_9 	 5 	 2 	 73.00 	 73.00 	 0.0000 	 24.35 
j3015_9 	 7 	 2 	 79.00 	 79.00 	 0.0000 	 8.52 
j3015_10 	 3 	 2 	 80.00 	 80.00 	 0.0000 	 1.65 
j3015_10 	 5 	 2 	 88.00 	 88.00 	 0.0000 	 2.34 
j3015_10 	 7 	 2 	 94.00 	 94.00 	 0.0000 	 7.24 
j3016_1 	 3 	 2 	 64.00 	 64.00 	 0.0000 	 1.54 
j3016_1 	 5 	 2 	 72.00 	 72.00 	 0.0000 	 0.74 
j3016_1 	 7 	 2 	 77.00 	 77.00 	 0.0000 	 5.68 
j3016_2 	 3 	 2 	 62.00 	 62.00 	 0.0000 	 1.10 
j3016_2 	 5 	 2 	 69.00 	 69.00 	 0.0000 	 1.13 
j3016_2 	 7 	 2 	 73.00 	 73.00 	 0.0000 	 1.43 
j3016_3 	 3 	 2 	 49.00 	 49.00 	 0.0000 	 0.51 
j3016_3 	 5 	 2 	 53.00 	 53.00 	 0.0000 	 1.65 
j3016_3 	 7 	 2 	 56.00 	 56.00 	 0.0000 	 0.86 
j3016_4 	 3 	 2 	 62.00 	 62.00 	 0.0000 	 0.50 
j3016_4 	 5 	 2 	 68.00 	 68.00 	 0.0000 	 1.92 
j3016_4 	 7 	 2 	 71.00 	 71.00 	 0.0000 	 0.85 
j3016_5 	 3 	 2 	 66.00 	 66.00 	 0.0000 	 0.63 
j3016_5 	 5 	 2 	 74.00 	 74.00 	 0.0000 	 0.79 
j3016_5 	 7 	 2 	 78.00 	 78.00 	 0.0000 	 0.94 
j3016_6 	 3 	 2 	 64.00 	 64.00 	 0.0000 	 0.81 
j3016_6 	 5 	 2 	 72.00 	 72.00 	 0.0000 	 1.47 
j3016_6 	 7 	 2 	 79.00 	 79.00 	 0.0000 	 0.84 
j3016_7 	 3 	 2 	 47.00 	 47.00 	 0.0000 	 0.81 
j3016_7 	 5 	 2 	 51.00 	 51.00 	 0.0000 	 1.11 
j3016_7 	 7 	 2 	 53.00 	 53.00 	 0.0000 	 1.49 
j3016_8 	 3 	 2 	 58.00 	 58.00 	 0.0000 	 0.91 
j3016_8 	 5 	 2 	 64.00 	 64.00 	 0.0000 	 0.82 
j3016_8 	 7 	 2 	 67.00 	 67.00 	 0.0000 	 2.14 
j3016_9 	 3 	 2 	 59.00 	 59.00 	 0.0000 	 0.73 
j3016_9 	 5 	 2 	 65.00 	 65.00 	 0.0000 	 0.66 
j3016_9 	 7 	 2 	 68.00 	 68.00 	 0.0000 	 1.87 
j3016_10 	 3 	 2 	 65.00 	 65.00 	 0.0000 	 1.41 
j3016_10 	 5 	 2 	 72.00 	 72.00 	 0.0000 	 1.65 
j3016_10 	 7 	 2 	 77.00 	 77.00 	 0.0000 	 2.84 
j3017_1 	 3 	 2 	 78.00 	 78.00 	 0.0000 	 2.17 
j3017_1 	 5 	 2 	 86.00 	 86.00 	 0.0000 	 24.29 
j3017_1 	 7 	 2 	 92.00 	 92.00 	 0.0000 	 30.76 
j3017_2 	 3 	 2 	 83.00 	 83.00 	 0.0000 	 0.35 
j3017_2 	 5 	 2 	 91.00 	 91.00 	 0.0000 	 0.86 
j3017_2 	 7 	 2 	 99.00 	 99.00 	 0.0000 	 1.07 
j3017_3 	 3 	 2 	 75.00 	 75.00 	 0.0000 	 0.53 
j3017_3 	 5 	 2 	 83.00 	 83.00 	 0.0000 	 1.00 
j3017_3 	 7 	 2 	 90.00 	 90.00 	 0.0000 	 1.79 
j3017_4 	 3 	 2 	 63.00 	 63.00 	 0.0000 	 1.72 
j3017_4 	 5 	 2 	 71.00 	 71.00 	 0.0000 	 8.54 
j3017_4 	 7 	 2 	 74.00 	 74.00 	 0.0000 	 4.17 
j3017_5 	 3 	 2 	 60.00 	 60.00 	 0.0000 	 2.10 
j3017_5 	 5 	 2 	 66.00 	 66.00 	 0.0000 	 5.75 
j3017_5 	 7 	 2 	 70.00 	 70.00 	 0.0000 	 11.32 
j3017_6 	 3 	 2 	 77.00 	 77.00 	 0.0000 	 0.43 
j3017_6 	 5 	 2 	 86.00 	 86.00 	 0.0000 	 1.24 
j3017_6 	 7 	 2 	 91.00 	 91.00 	 0.0000 	 1.95 
j3017_7 	 3 	 2 	 72.00 	 72.00 	 0.0000 	 1.11 
j3017_7 	 5 	 2 	 79.00 	 79.00 	 0.0000 	 1.97 
j3017_7 	 7 	 2 	 85.00 	 85.00 	 0.0000 	 3.11 
j3017_8 	 3 	 2 	 76.00 	 76.00 	 0.0000 	 1.99 
j3017_8 	 5 	 2 	 85.00 	 85.00 	 0.0000 	 3.87 
j3017_8 	 7 	 2 	 92.00 	 92.00 	 0.0000 	 4.50 
j3017_9 	 3 	 2 	 61.00 	 61.00 	 0.0000 	 0.76 
j3017_9 	 5 	 2 	 67.00 	 67.00 	 0.0000 	 1.77 
j3017_9 	 7 	 2 	 71.00 	 71.00 	 0.0000 	 3.93 
j3017_10 	 3 	 2 	 81.00 	 81.00 	 0.0000 	 0.61 
j3017_10 	 5 	 2 	 91.00 	 91.00 	 0.0000 	 0.78 
j3017_10 	 7 	 2 	 98.00 	 98.00 	 0.0000 	 1.54 
j3018_1 	 3 	 2 	 68.00 	 68.00 	 0.0000 	 0.40 
j3018_1 	 5 	 2 	 76.00 	 76.00 	 0.0000 	 0.72 
j3018_1 	 7 	 2 	 81.00 	 81.00 	 0.0000 	 1.23 
j3018_2 	 3 	 2 	 69.00 	 69.00 	 0.0000 	 0.73 
j3018_2 	 5 	 2 	 75.00 	 75.00 	 0.0000 	 0.74 
j3018_2 	 7 	 2 	 80.00 	 80.00 	 0.0000 	 1.56 
j3018_3 	 3 	 2 	 69.00 	 69.00 	 0.0000 	 0.44 
j3018_3 	 5 	 2 	 76.00 	 76.00 	 0.0000 	 0.84 
j3018_3 	 7 	 2 	 82.00 	 82.00 	 0.0000 	 1.09 
j3018_4 	 3 	 2 	 85.00 	 85.00 	 0.0000 	 0.34 
j3018_4 	 5 	 2 	 94.00 	 94.00 	 0.0000 	 0.98 
j3018_4 	 7 	 2 	 102.00 	 102.00 	 0.0000 	 1.21 
j3018_5 	 3 	 2 	 66.00 	 66.00 	 0.0000 	 0.38 
j3018_5 	 5 	 2 	 73.00 	 73.00 	 0.0000 	 0.88 
j3018_5 	 7 	 2 	 78.00 	 78.00 	 0.0000 	 0.83 
j3018_6 	 3 	 2 	 77.00 	 77.00 	 0.0000 	 1.03 
j3018_6 	 5 	 2 	 85.00 	 85.00 	 0.0000 	 1.27 
j3018_6 	 7 	 2 	 91.00 	 91.00 	 0.0000 	 6.42 
j3018_7 	 3 	 2 	 61.00 	 61.00 	 0.0000 	 0.34 
j3018_7 	 5 	 2 	 68.00 	 68.00 	 0.0000 	 0.56 
j3018_7 	 7 	 2 	 74.00 	 74.00 	 0.0000 	 1.54 
j3018_8 	 3 	 2 	 67.00 	 67.00 	 0.0000 	 0.30 
j3018_8 	 5 	 2 	 75.00 	 75.00 	 0.0000 	 0.75 
j3018_8 	 7 	 2 	 79.00 	 79.00 	 0.0000 	 1.23 
j3018_9 	 3 	 2 	 62.00 	 62.00 	 0.0000 	 0.87 
j3018_9 	 5 	 2 	 70.00 	 70.00 	 0.0000 	 0.99 
j3018_9 	 7 	 2 	 73.00 	 73.00 	 0.0000 	 2.59 
j3018_10 	 3 	 2 	 61.00 	 61.00 	 0.0000 	 1.12 
j3018_10 	 5 	 2 	 67.00 	 67.00 	 0.0000 	 1.34 
j3018_10 	 7 	 2 	 71.00 	 71.00 	 0.0000 	 6.66 
j3019_1 	 3 	 2 	 52.00 	 52.00 	 0.0000 	 0.51 
j3019_1 	 5 	 2 	 57.00 	 57.00 	 0.0000 	 0.79 
j3019_1 	 7 	 2 	 61.00 	 61.00 	 0.0000 	 1.86 
j3019_2 	 3 	 2 	 73.00 	 73.00 	 0.0000 	 0.41 
j3019_2 	 5 	 2 	 80.00 	 80.00 	 0.0000 	 0.30 
j3019_2 	 7 	 2 	 86.00 	 86.00 	 0.0000 	 0.37 
j3019_3 	 3 	 2 	 98.00 	 98.00 	 0.0000 	 0.40 
j3019_3 	 5 	 2 	 107.00 	 107.00 	 0.0000 	 0.27 
j3019_3 	 7 	 2 	 115.00 	 115.00 	 0.0000 	 1.00 
j3019_4 	 3 	 2 	 54.00 	 54.00 	 0.0000 	 0.42 
j3019_4 	 5 	 2 	 59.00 	 59.00 	 0.0000 	 0.83 
j3019_4 	 7 	 2 	 60.00 	 60.00 	 0.0000 	 1.03 
j3019_5 	 3 	 2 	 62.00 	 62.00 	 0.0000 	 0.60 
j3019_5 	 5 	 2 	 68.00 	 68.00 	 0.0000 	 1.35 
j3019_5 	 7 	 2 	 73.00 	 73.00 	 0.0000 	 0.99 
j3019_6 	 3 	 2 	 64.00 	 64.00 	 0.0000 	 0.38 
j3019_6 	 5 	 2 	 71.00 	 71.00 	 0.0000 	 0.60 
j3019_6 	 7 	 2 	 75.00 	 75.00 	 0.0000 	 1.21 
j3019_7 	 3 	 2 	 72.00 	 72.00 	 0.0000 	 0.53 
j3019_7 	 5 	 2 	 81.00 	 81.00 	 0.0000 	 0.92 
j3019_7 	 7 	 2 	 86.00 	 86.00 	 0.0000 	 1.71 
j3019_8 	 3 	 2 	 70.00 	 70.00 	 0.0000 	 0.36 
j3019_8 	 5 	 2 	 78.00 	 78.00 	 0.0000 	 0.75 
j3019_8 	 7 	 2 	 84.00 	 84.00 	 0.0000 	 0.90 
j3019_9 	 3 	 2 	 51.00 	 51.00 	 0.0000 	 0.51 
j3019_9 	 5 	 2 	 57.00 	 57.00 	 0.0000 	 1.10 
j3019_9 	 7 	 2 	 59.00 	 59.00 	 0.0000 	 1.99 
j3019_10 	 3 	 2 	 61.00 	 61.00 	 0.0000 	 0.40 
j3019_10 	 5 	 2 	 67.00 	 67.00 	 0.0000 	 0.60 
j3019_10 	 7 	 2 	 71.00 	 71.00 	 0.0000 	 1.05 
j3020_1 	 3 	 2 	 72.00 	 72.00 	 0.0000 	 0.19 
j3020_1 	 5 	 2 	 79.00 	 79.00 	 0.0000 	 0.31 
j3020_1 	 7 	 2 	 85.00 	 85.00 	 0.0000 	 0.78 
j3020_2 	 3 	 2 	 85.00 	 85.00 	 0.0000 	 0.18 
j3020_2 	 5 	 2 	 94.00 	 94.00 	 0.0000 	 0.27 
j3020_2 	 7 	 2 	 102.00 	 102.00 	 0.0000 	 1.18 
j3020_3 	 3 	 2 	 64.00 	 64.00 	 0.0000 	 0.19 
j3020_3 	 5 	 2 	 73.00 	 73.00 	 0.0000 	 0.31 
j3020_3 	 7 	 2 	 75.00 	 75.00 	 0.0000 	 0.35 
j3020_4 	 3 	 2 	 58.00 	 58.00 	 0.0000 	 0.18 
j3020_4 	 5 	 2 	 67.00 	 67.00 	 0.0000 	 0.45 
j3020_4 	 7 	 2 	 67.00 	 67.00 	 0.0000 	 0.96 
j3020_5 	 3 	 2 	 75.00 	 75.00 	 0.0000 	 0.43 
j3020_5 	 5 	 2 	 83.00 	 83.00 	 0.0000 	 1.01 
j3020_5 	 7 	 2 	 89.00 	 89.00 	 0.0000 	 0.81 
j3020_6 	 3 	 2 	 66.00 	 66.00 	 0.0000 	 0.22 
j3020_6 	 5 	 2 	 73.00 	 73.00 	 0.0000 	 0.32 
j3020_6 	 7 	 2 	 77.00 	 77.00 	 0.0000 	 0.37 
j3020_7 	 3 	 2 	 56.00 	 56.00 	 0.0000 	 0.16 
j3020_7 	 5 	 2 	 62.00 	 62.00 	 0.0000 	 0.27 
j3020_7 	 7 	 2 	 64.00 	 64.00 	 0.0000 	 0.32 
j3020_8 	 3 	 2 	 65.00 	 65.00 	 0.0000 	 0.19 
j3020_8 	 5 	 2 	 71.00 	 71.00 	 0.0000 	 0.31 
j3020_8 	 7 	 2 	 75.00 	 75.00 	 0.0000 	 0.38 
j3020_9 	 3 	 2 	 56.00 	 56.00 	 0.0000 	 0.19 
j3020_9 	 5 	 2 	 62.00 	 62.00 	 0.0000 	 0.33 
j3020_9 	 7 	 2 	 64.00 	 64.00 	 0.0000 	 0.36 
j3020_10 	 3 	 2 	 51.00 	 51.00 	 0.0000 	 0.19 
j3020_10 	 5 	 2 	 55.00 	 55.00 	 0.0000 	 0.29 
j3020_10 	 7 	 2 	 57.00 	 57.00 	 0.0000 	 0.39 
j3021_1 	 3 	 2 	 99.00 	 99.00 	 0.0000 	 420.54 
j3021_1 	 5 	 2 	 108.00 	 108.00 	 0.0000 	 967.60 
j3021_1 	 7 	 9 	 105.00 	 116.00 	 0.0948 	 1200.01 
j3021_2 	 3 	 2 	 72.00 	 72.00 	 0.0000 	 402.91 
j3021_2 	 5 	 2 	 80.00 	 80.00 	 0.0000 	 637.22 
j3021_2 	 7 	 2 	 85.00 	 85.00 	 0.0000 	 903.83 
j3021_3 	 3 	 9 	 83.00 	 91.00 	 0.0879 	 1200.02 
j3021_3 	 5 	 9 	 89.00 	 98.00 	 0.0918 	 1200.01 
j3021_3 	 7 	 9 	 89.00 	 104.00 	 0.1442 	 1200.01 
j3021_4 	 3 	 9 	 72.00 	 83.00 	 0.1325 	 1200.01 
j3021_4 	 5 	 9 	 82.00 	 92.00 	 0.1087 	 1200.01 
j3021_4 	 7 	 9 	 85.00 	 99.00 	 0.1414 	 1200.01 
j3021_5 	 3 	 9 	 64.00 	 68.00 	 0.0588 	 1200.02 
j3021_5 	 5 	 9 	 68.00 	 75.00 	 0.0933 	 1200.01 
j3021_5 	 7 	 9 	 68.00 	 83.00 	 0.1807 	 1200.01 
j3021_6 	 3 	 9 	 86.00 	 91.00 	 0.0549 	 1200.01 
j3021_6 	 5 	 9 	 85.00 	 100.00 	 0.1500 	 1200.01 
j3021_6 	 7 	 9 	 92.00 	 106.00 	 0.1321 	 1200.04 
j3021_7 	 3 	 9 	 73.00 	 80.00 	 0.0875 	 1200.01 
j3021_7 	 5 	 9 	 79.00 	 87.00 	 0.0920 	 1200.01 
j3021_7 	 7 	 9 	 87.00 	 94.00 	 0.0745 	 1200.02 
j3021_8 	 3 	 2 	 77.00 	 77.00 	 0.0000 	 509.58 
j3021_8 	 5 	 2 	 84.00 	 84.00 	 0.0000 	 719.95 
j3021_8 	 7 	 9 	 88.00 	 90.00 	 0.0222 	 1200.02 
j3021_9 	 3 	 9 	 68.00 	 84.00 	 0.1905 	 1200.01 
j3021_9 	 5 	 9 	 77.00 	 93.00 	 0.1720 	 1200.01 
j3021_9 	 7 	 9 	 78.00 	 100.00 	 0.2200 	 1200.01 
j3021_10 	 3 	 2 	 83.00 	 83.00 	 0.0000 	 44.26 
j3021_10 	 5 	 2 	 92.00 	 92.00 	 0.0000 	 155.03 
j3021_10 	 7 	 2 	 99.00 	 99.00 	 0.0000 	 270.76 
j3022_1 	 3 	 2 	 56.00 	 56.00 	 0.0000 	 0.77 
j3022_1 	 5 	 2 	 61.00 	 61.00 	 0.0000 	 2.65 
j3022_1 	 7 	 2 	 64.00 	 64.00 	 0.0000 	 4.73 
j3022_2 	 3 	 2 	 57.00 	 57.00 	 0.0000 	 1.08 
j3022_2 	 5 	 2 	 64.00 	 64.00 	 0.0000 	 3.01 
j3022_2 	 7 	 2 	 68.00 	 68.00 	 0.0000 	 7.32 
j3022_3 	 3 	 2 	 78.00 	 78.00 	 0.0000 	 1.49 
j3022_3 	 5 	 2 	 87.00 	 87.00 	 0.0000 	 2.44 
j3022_3 	 7 	 2 	 93.00 	 93.00 	 0.0000 	 4.95 
j3022_4 	 3 	 2 	 56.00 	 56.00 	 0.0000 	 1.66 
j3022_4 	 5 	 2 	 62.00 	 62.00 	 0.0000 	 3.78 
j3022_4 	 7 	 2 	 63.00 	 63.00 	 0.0000 	 4.89 
j3022_5 	 3 	 2 	 65.00 	 65.00 	 0.0000 	 10.94 
j3022_5 	 5 	 2 	 72.00 	 72.00 	 0.0000 	 17.81 
j3022_5 	 7 	 2 	 77.00 	 77.00 	 0.0000 	 17.53 
j3022_6 	 3 	 2 	 67.00 	 67.00 	 0.0000 	 16.46 
j3022_6 	 5 	 2 	 74.00 	 74.00 	 0.0000 	 34.09 
j3022_6 	 7 	 2 	 78.00 	 78.00 	 0.0000 	 55.02 
j3022_7 	 3 	 2 	 74.00 	 74.00 	 0.0000 	 12.55 
j3022_7 	 5 	 2 	 82.00 	 82.00 	 0.0000 	 26.00 
j3022_7 	 7 	 2 	 88.00 	 88.00 	 0.0000 	 18.37 
j3022_8 	 3 	 2 	 69.00 	 69.00 	 0.0000 	 505.02 
j3022_8 	 5 	 2 	 76.00 	 76.00 	 0.0000 	 368.89 
j3022_8 	 7 	 2 	 80.00 	 80.00 	 0.0000 	 176.19 
j3022_9 	 3 	 2 	 91.00 	 91.00 	 0.0000 	 1.34 
j3022_9 	 5 	 2 	 101.00 	 101.00 	 0.0000 	 2.14 
j3022_9 	 7 	 2 	 109.00 	 109.00 	 0.0000 	 13.56 
j3022_10 	 3 	 2 	 70.00 	 70.00 	 0.0000 	 7.73 
j3022_10 	 5 	 2 	 78.00 	 78.00 	 0.0000 	 11.37 
j3022_10 	 7 	 2 	 83.00 	 83.00 	 0.0000 	 19.99 
j3023_1 	 3 	 2 	 78.00 	 78.00 	 0.0000 	 0.59 
j3023_1 	 5 	 2 	 87.00 	 87.00 	 0.0000 	 0.75 
j3023_1 	 7 	 2 	 95.00 	 95.00 	 0.0000 	 0.83 
j3023_2 	 3 	 2 	 67.00 	 67.00 	 0.0000 	 0.44 
j3023_2 	 5 	 2 	 75.00 	 75.00 	 0.0000 	 0.86 
j3023_2 	 7 	 2 	 80.00 	 80.00 	 0.0000 	 1.21 
j3023_3 	 3 	 2 	 59.00 	 59.00 	 0.0000 	 1.38 
j3023_3 	 5 	 2 	 65.00 	 65.00 	 0.0000 	 3.61 
j3023_3 	 7 	 2 	 70.00 	 70.00 	 0.0000 	 5.08 
j3023_4 	 3 	 2 	 80.00 	 80.00 	 0.0000 	 1.54 
j3023_4 	 5 	 2 	 89.00 	 89.00 	 0.0000 	 3.59 
j3023_4 	 7 	 2 	 95.00 	 95.00 	 0.0000 	 4.15 
j3023_5 	 3 	 2 	 66.00 	 66.00 	 0.0000 	 1.83 
j3023_5 	 5 	 2 	 73.00 	 73.00 	 0.0000 	 4.60 
j3023_5 	 7 	 2 	 77.00 	 77.00 	 0.0000 	 4.20 
j3023_6 	 3 	 2 	 61.00 	 61.00 	 0.0000 	 0.70 
j3023_6 	 5 	 2 	 67.00 	 67.00 	 0.0000 	 1.25 
j3023_6 	 7 	 2 	 72.00 	 72.00 	 0.0000 	 1.31 
j3023_7 	 3 	 2 	 75.00 	 75.00 	 0.0000 	 1.57 
j3023_7 	 5 	 2 	 85.00 	 85.00 	 0.0000 	 5.26 
j3023_7 	 7 	 2 	 90.00 	 90.00 	 0.0000 	 6.52 
j3023_8 	 3 	 2 	 62.00 	 62.00 	 0.0000 	 2.54 
j3023_8 	 5 	 2 	 71.00 	 71.00 	 0.0000 	 5.11 
j3023_8 	 7 	 2 	 73.00 	 73.00 	 0.0000 	 5.93 
j3023_9 	 3 	 2 	 78.00 	 78.00 	 0.0000 	 2.31 
j3023_9 	 5 	 2 	 86.00 	 86.00 	 0.0000 	 4.14 
j3023_9 	 7 	 2 	 92.00 	 92.00 	 0.0000 	 7.29 
j3023_10 	 3 	 2 	 76.00 	 76.00 	 0.0000 	 0.44 
j3023_10 	 5 	 2 	 86.00 	 86.00 	 0.0000 	 0.91 
j3023_10 	 7 	 2 	 92.00 	 92.00 	 0.0000 	 1.49 
j3024_1 	 3 	 2 	 68.00 	 68.00 	 0.0000 	 0.21 
j3024_1 	 5 	 2 	 75.00 	 75.00 	 0.0000 	 0.65 
j3024_1 	 7 	 2 	 79.00 	 79.00 	 0.0000 	 1.19 
j3024_2 	 3 	 2 	 72.00 	 72.00 	 0.0000 	 0.57 
j3024_2 	 5 	 2 	 79.00 	 79.00 	 0.0000 	 0.68 
j3024_2 	 7 	 2 	 84.00 	 84.00 	 0.0000 	 1.60 
j3024_3 	 3 	 2 	 84.00 	 84.00 	 0.0000 	 0.40 
j3024_3 	 5 	 2 	 94.00 	 94.00 	 0.0000 	 0.94 
j3024_3 	 7 	 2 	 102.00 	 102.00 	 0.0000 	 1.47 
j3024_4 	 3 	 2 	 67.00 	 67.00 	 0.0000 	 0.20 
j3024_4 	 5 	 2 	 74.00 	 74.00 	 0.0000 	 0.56 
j3024_4 	 7 	 2 	 80.00 	 80.00 	 0.0000 	 0.79 
j3024_5 	 3 	 2 	 64.00 	 64.00 	 0.0000 	 0.20 
j3024_5 	 5 	 2 	 72.00 	 72.00 	 0.0000 	 0.76 
j3024_5 	 7 	 2 	 77.00 	 77.00 	 0.0000 	 1.17 
j3024_6 	 3 	 2 	 71.00 	 71.00 	 0.0000 	 0.38 
j3024_6 	 5 	 2 	 80.00 	 80.00 	 0.0000 	 0.71 
j3024_6 	 7 	 2 	 85.00 	 85.00 	 0.0000 	 0.92 
j3024_7 	 3 	 2 	 57.00 	 57.00 	 0.0000 	 1.27 
j3024_7 	 5 	 2 	 61.00 	 61.00 	 0.0000 	 2.85 
j3024_7 	 7 	 2 	 65.00 	 65.00 	 0.0000 	 4.53 
j3024_8 	 3 	 2 	 53.00 	 53.00 	 0.0000 	 0.20 
j3024_8 	 5 	 2 	 59.00 	 59.00 	 0.0000 	 0.58 
j3024_8 	 7 	 2 	 59.00 	 59.00 	 0.0000 	 1.17 
j3024_9 	 3 	 2 	 56.00 	 56.00 	 0.0000 	 0.44 
j3024_9 	 5 	 2 	 62.00 	 62.00 	 0.0000 	 0.33 
j3024_9 	 7 	 2 	 65.00 	 65.00 	 0.0000 	 1.34 
j3024_10 	 3 	 2 	 67.00 	 67.00 	 0.0000 	 0.48 
j3024_10 	 5 	 2 	 74.00 	 74.00 	 0.0000 	 0.64 
j3024_10 	 7 	 2 	 80.00 	 80.00 	 0.0000 	 1.31 
j3025_1 	 3 	 9 	 79.00 	 117.00 	 0.3248 	 1200.01 
j3025_1 	 5 	 9 	 87.00 	 127.00 	 0.3150 	 1200.03 
j3025_1 	 7 	 9 	 93.00 	 134.00 	 0.3060 	 1200.01 
j3025_2 	 3 	 9 	 64.00 	 93.00 	 0.3118 	 1200.01 
j3025_2 	 5 	 9 	 69.00 	 108.00 	 0.3611 	 1200.01 
j3025_2 	 7 	 9 	 74.00 	 111.00 	 0.3333 	 1200.01 
j3025_3 	 3 	 9 	 63.00 	 101.00 	 0.3762 	 1200.01 
j3025_3 	 5 	 9 	 69.00 	 122.00 	 0.4344 	 1200.01 
j3025_3 	 7 	 9 	 76.00 	 118.00 	 0.3559 	 1200.01 
j3025_4 	 3 	 9 	 62.00 	 106.00 	 0.4151 	 1200.02 
j3025_4 	 5 	 9 	 71.00 	 112.00 	 0.3661 	 1200.01 
j3025_4 	 7 	 9 	 76.00 	 126.00 	 0.3968 	 1200.01 
j3025_5 	 3 	 9 	 63.00 	 91.00 	 0.3077 	 1200.01 
j3025_5 	 5 	 9 	 66.00 	 102.00 	 0.3529 	 1200.01 
j3025_5 	 7 	 9 	 73.00 	 113.00 	 0.3540 	 1200.01 
j3025_6 	 3 	 9 	 56.00 	 80.00 	 0.3000 	 1200.01 
j3025_6 	 5 	 9 	 62.00 	 85.00 	 0.2706 	 1200.01 
j3025_6 	 7 	 9 	 63.00 	 88.00 	 0.2841 	 1200.01 
j3025_7 	 3 	 9 	 89.00 	 117.00 	 0.2393 	 1200.01 
j3025_7 	 5 	 9 	 99.00 	 126.00 	 0.2143 	 1200.01 
j3025_7 	 7 	 9 	 105.00 	 142.00 	 0.2606 	 1200.01 
j3025_8 	 3 	 9 	 53.00 	 112.00 	 0.5268 	 1200.01 
j3025_8 	 5 	 9 	 59.00 	 100.00 	 0.4100 	 1200.01 
j3025_8 	 7 	 9 	 60.00 	 116.00 	 0.4828 	 1200.01 
j3025_9 	 3 	 9 	 75.00 	 100.00 	 0.2500 	 1200.01 
j3025_9 	 5 	 9 	 81.00 	 110.00 	 0.2636 	 1200.01 
j3025_9 	 7 	 9 	 89.00 	 118.00 	 0.2458 	 1200.01 
j3025_10 	 3 	 9 	 65.00 	 74.00 	 0.1216 	 1200.01 
j3025_10 	 5 	 9 	 68.00 	 79.00 	 0.1392 	 1200.01 
j3025_10 	 7 	 9 	 71.00 	 88.00 	 0.1932 	 1200.01 
j3026_1 	 3 	 2 	 73.00 	 73.00 	 0.0000 	 1179.88 
j3026_1 	 5 	 2 	 81.00 	 81.00 	 0.0000 	 22.08 
j3026_1 	 7 	 2 	 87.00 	 87.00 	 0.0000 	 34.76 
j3026_2 	 3 	 2 	 53.00 	 53.00 	 0.0000 	 1.07 
j3026_2 	 5 	 2 	 60.00 	 60.00 	 0.0000 	 1.19 
j3026_2 	 7 	 2 	 62.00 	 62.00 	 0.0000 	 3.80 
j3026_3 	 3 	 2 	 73.00 	 73.00 	 0.0000 	 7.42 
j3026_3 	 5 	 2 	 81.00 	 81.00 	 0.0000 	 5.98 
j3026_3 	 7 	 2 	 86.00 	 86.00 	 0.0000 	 9.05 
j3026_4 	 3 	 2 	 77.00 	 77.00 	 0.0000 	 6.40 
j3026_4 	 5 	 2 	 86.00 	 86.00 	 0.0000 	 12.52 
j3026_4 	 7 	 2 	 93.00 	 93.00 	 0.0000 	 24.64 
j3026_5 	 3 	 2 	 89.00 	 89.00 	 0.0000 	 65.75 
j3026_5 	 5 	 2 	 98.00 	 98.00 	 0.0000 	 62.16 
j3026_5 	 7 	 2 	 105.00 	 105.00 	 0.0000 	 12.28 
j3026_6 	 3 	 2 	 67.00 	 67.00 	 0.0000 	 86.84 
j3026_6 	 5 	 2 	 74.00 	 74.00 	 0.0000 	 18.69 
j3026_6 	 7 	 2 	 80.00 	 80.00 	 0.0000 	 412.14 
j3026_7 	 3 	 2 	 70.00 	 70.00 	 0.0000 	 2.03 
j3026_7 	 5 	 2 	 78.00 	 78.00 	 0.0000 	 9.01 
j3026_7 	 7 	 2 	 84.00 	 84.00 	 0.0000 	 11.03 
j3026_8 	 3 	 9 	 78.00 	 81.00 	 0.0370 	 1200.01 
j3026_8 	 5 	 9 	 88.00 	 91.00 	 0.0330 	 1200.01 
j3026_8 	 7 	 9 	 94.00 	 97.00 	 0.0309 	 1200.02 
j3026_9 	 3 	 2 	 56.00 	 56.00 	 0.0000 	 386.67 
j3026_9 	 5 	 2 	 61.00 	 61.00 	 0.0000 	 640.33 
j3026_9 	 7 	 9 	 64.00 	 65.00 	 0.0154 	 1200.01 
j3026_10 	 3 	 2 	 64.00 	 64.00 	 0.0000 	 72.97 
j3026_10 	 5 	 2 	 71.00 	 71.00 	 0.0000 	 130.66 
j3026_10 	 7 	 2 	 75.00 	 75.00 	 0.0000 	 113.58 
j3027_1 	 3 	 2 	 57.00 	 57.00 	 0.0000 	 5.98 
j3027_1 	 5 	 2 	 62.00 	 62.00 	 0.0000 	 7.04 
j3027_1 	 7 	 2 	 66.00 	 66.00 	 0.0000 	 7.58 
j3027_2 	 3 	 2 	 73.00 	 73.00 	 0.0000 	 1.10 
j3027_2 	 5 	 2 	 81.00 	 81.00 	 0.0000 	 0.85 
j3027_2 	 7 	 2 	 88.00 	 88.00 	 0.0000 	 4.64 
j3027_3 	 3 	 2 	 74.00 	 74.00 	 0.0000 	 1.72 
j3027_3 	 5 	 2 	 81.00 	 81.00 	 0.0000 	 1.45 
j3027_3 	 7 	 2 	 87.00 	 87.00 	 0.0000 	 2.18 
j3027_4 	 3 	 2 	 77.00 	 77.00 	 0.0000 	 1.65 
j3027_4 	 5 	 2 	 84.00 	 84.00 	 0.0000 	 0.87 
j3027_4 	 7 	 2 	 90.00 	 90.00 	 0.0000 	 3.09 
j3027_5 	 3 	 2 	 64.00 	 64.00 	 0.0000 	 2.14 
j3027_5 	 5 	 2 	 71.00 	 71.00 	 0.0000 	 2.72 
j3027_5 	 7 	 2 	 75.00 	 75.00 	 0.0000 	 7.06 
j3027_6 	 3 	 2 	 74.00 	 74.00 	 0.0000 	 1.29 
j3027_6 	 5 	 2 	 82.00 	 82.00 	 0.0000 	 1.34 
j3027_6 	 7 	 2 	 87.00 	 87.00 	 0.0000 	 6.25 
j3027_7 	 3 	 2 	 63.00 	 63.00 	 0.0000 	 2.10 
j3027_7 	 5 	 2 	 70.00 	 70.00 	 0.0000 	 4.31 
j3027_7 	 7 	 2 	 74.00 	 74.00 	 0.0000 	 7.79 
j3027_8 	 3 	 2 	 79.00 	 79.00 	 0.0000 	 1.81 
j3027_8 	 5 	 2 	 87.00 	 87.00 	 0.0000 	 3.82 
j3027_8 	 7 	 2 	 95.00 	 95.00 	 0.0000 	 4.35 
j3027_9 	 3 	 2 	 69.00 	 69.00 	 0.0000 	 2.38 
j3027_9 	 5 	 2 	 75.00 	 75.00 	 0.0000 	 4.99 
j3027_9 	 7 	 2 	 79.00 	 79.00 	 0.0000 	 4.94 
j3027_10 	 3 	 2 	 76.00 	 76.00 	 0.0000 	 0.55 
j3027_10 	 5 	 2 	 84.00 	 84.00 	 0.0000 	 1.22 
j3027_10 	 7 	 2 	 90.00 	 90.00 	 0.0000 	 1.50 
j3028_1 	 3 	 2 	 84.00 	 84.00 	 0.0000 	 0.54 
j3028_1 	 5 	 2 	 93.00 	 93.00 	 0.0000 	 0.70 
j3028_1 	 7 	 2 	 101.00 	 101.00 	 0.0000 	 1.59 
j3028_2 	 3 	 2 	 72.00 	 72.00 	 0.0000 	 0.32 
j3028_2 	 5 	 2 	 80.00 	 80.00 	 0.0000 	 0.94 
j3028_2 	 7 	 2 	 84.00 	 84.00 	 0.0000 	 0.90 
j3028_3 	 3 	 2 	 52.00 	 52.00 	 0.0000 	 0.50 
j3028_3 	 5 	 2 	 56.00 	 56.00 	 0.0000 	 1.12 
j3028_3 	 7 	 2 	 60.00 	 60.00 	 0.0000 	 2.00 
j3028_4 	 3 	 2 	 62.00 	 62.00 	 0.0000 	 0.87 
j3028_4 	 5 	 2 	 68.00 	 68.00 	 0.0000 	 0.89 
j3028_4 	 7 	 2 	 73.00 	 73.00 	 0.0000 	 1.48 
j3028_5 	 3 	 2 	 88.00 	 88.00 	 0.0000 	 0.45 
j3028_5 	 5 	 2 	 97.00 	 97.00 	 0.0000 	 0.60 
j3028_5 	 7 	 2 	 104.00 	 104.00 	 0.0000 	 1.38 
j3028_6 	 3 	 2 	 69.00 	 69.00 	 0.0000 	 0.50 
j3028_6 	 5 	 2 	 76.00 	 76.00 	 0.0000 	 1.40 
j3028_6 	 7 	 2 	 82.00 	 82.00 	 0.0000 	 1.52 
j3028_7 	 3 	 2 	 63.00 	 63.00 	 0.0000 	 0.31 
j3028_7 	 5 	 2 	 71.00 	 71.00 	 0.0000 	 0.38 
j3028_7 	 7 	 2 	 74.00 	 74.00 	 0.0000 	 1.00 
j3028_8 	 3 	 2 	 68.00 	 68.00 	 0.0000 	 0.33 
j3028_8 	 5 	 2 	 77.00 	 77.00 	 0.0000 	 0.84 
j3028_8 	 7 	 2 	 81.00 	 81.00 	 0.0000 	 1.04 
j3028_9 	 3 	 2 	 76.00 	 76.00 	 0.0000 	 0.52 
j3028_9 	 5 	 2 	 84.00 	 84.00 	 0.0000 	 0.80 
j3028_9 	 7 	 2 	 91.00 	 91.00 	 0.0000 	 2.14 
j3028_10 	 3 	 2 	 73.00 	 73.00 	 0.0000 	 0.31 
j3028_10 	 5 	 2 	 81.00 	 81.00 	 0.0000 	 0.69 
j3028_10 	 7 	 2 	 88.00 	 88.00 	 0.0000 	 1.36 
j3029_1 	 3 	 9 	 77.00 	 106.00 	 0.2736 	 1200.01 
j3029_1 	 5 	 9 	 85.00 	 114.00 	 0.2544 	 1200.01 
j3029_1 	 7 	 9 	 91.00 	 129.00 	 0.2946 	 1200.01 
j3029_2 	 3 	 9 	 69.00 	 117.00 	 0.4103 	 1200.01 
j3029_2 	 5 	 9 	 75.00 	 129.00 	 0.4186 	 1200.01 
j3029_2 	 7 	 9 	 81.00 	 138.00 	 0.4130 	 1200.01 
j3029_3 	 3 	 9 	 59.00 	 103.00 	 0.4272 	 1200.01 
j3029_3 	 5 	 9 	 66.00 	 116.00 	 0.4310 	 1200.02 
j3029_3 	 7 	 9 	 70.00 	 115.00 	 0.3913 	 1200.01 
j3029_4 	 3 	 9 	 83.00 	 128.00 	 0.3516 	 1200.01 
j3029_4 	 5 	 9 	 89.00 	 151.00 	 0.4106 	 1200.01 
j3029_4 	 7 	 9 	 95.00 	 147.00 	 0.3537 	 1200.01 
j3029_5 	 3 	 9 	 67.00 	 140.00 	 0.5214 	 1200.01 
j3029_5 	 5 	 9 	 75.00 	 137.00 	 0.4526 	 1200.01 
j3029_5 	 7 	 9 	 80.00 	 inf 	 inf 	 1200.01 
j3029_6 	 3 	 9 	 67.00 	 116.00 	 0.4224 	 1200.01 
j3029_6 	 5 	 9 	 74.00 	 121.00 	 0.3884 	 1200.01 
j3029_6 	 7 	 9 	 80.00 	 140.00 	 0.4286 	 1200.01 
j3029_7 	 3 	 9 	 61.00 	 94.00 	 0.3511 	 1200.01 
j3029_7 	 5 	 9 	 64.00 	 118.00 	 0.4576 	 1200.01 
j3029_7 	 7 	 9 	 67.00 	 132.00 	 0.4924 	 1200.01 
j3029_8 	 3 	 9 	 66.00 	 113.00 	 0.4159 	 1200.01 
j3029_8 	 5 	 9 	 73.00 	 116.00 	 0.3707 	 1200.02 
j3029_8 	 7 	 9 	 77.00 	 122.00 	 0.3689 	 1200.01 
j3029_9 	 3 	 9 	 66.00 	 130.00 	 0.4923 	 1200.01 
j3029_9 	 5 	 9 	 71.00 	 142.00 	 0.5000 	 1200.01 
j3029_9 	 7 	 9 	 77.00 	 155.00 	 0.5032 	 1200.01 
j3029_10 	 3 	 9 	 66.00 	 101.00 	 0.3465 	 1200.02 
j3029_10 	 5 	 9 	 73.00 	 106.00 	 0.3113 	 1200.01 
j3029_10 	 7 	 9 	 76.00 	 123.00 	 0.3821 	 1200.01 
j3030_1 	 3 	 9 	 54.00 	 62.00 	 0.1290 	 1200.01 
j3030_1 	 5 	 9 	 59.00 	 68.00 	 0.1324 	 1200.01 
j3030_1 	 7 	 9 	 62.00 	 76.00 	 0.1842 	 1200.01 
j3030_2 	 3 	 9 	 81.00 	 83.00 	 0.0241 	 1200.01 
j3030_2 	 5 	 9 	 88.00 	 92.00 	 0.0435 	 1200.02 
j3030_2 	 7 	 9 	 95.00 	 99.00 	 0.0404 	 1200.01 
j3030_3 	 3 	 9 	 67.00 	 70.00 	 0.0429 	 1200.01 
j3030_3 	 5 	 9 	 73.00 	 75.00 	 0.0267 	 1200.01 
j3030_3 	 7 	 9 	 78.00 	 81.00 	 0.0370 	 1200.01 
j3030_4 	 3 	 9 	 64.00 	 66.00 	 0.0303 	 1200.02 
j3030_4 	 5 	 9 	 72.00 	 73.00 	 0.0137 	 1200.01 
j3030_4 	 7 	 9 	 77.00 	 79.00 	 0.0253 	 1200.01 
j3030_5 	 3 	 9 	 67.00 	 68.00 	 0.0147 	 1200.03 
j3030_5 	 5 	 9 	 74.00 	 75.00 	 0.0133 	 1200.01 
j3030_5 	 7 	 9 	 79.00 	 80.00 	 0.0125 	 1200.01 
j3030_6 	 3 	 9 	 75.00 	 76.00 	 0.0132 	 1200.01 
j3030_6 	 5 	 9 	 84.00 	 85.00 	 0.0118 	 1200.01 
j3030_6 	 7 	 9 	 89.00 	 91.00 	 0.0220 	 1200.01 
j3030_7 	 3 	 2 	 83.00 	 83.00 	 0.0000 	 275.67 
j3030_7 	 5 	 9 	 91.00 	 93.00 	 0.0215 	 1200.01 
j3030_7 	 7 	 2 	 99.00 	 99.00 	 0.0000 	 1065.35 
j3030_8 	 3 	 9 	 55.00 	 61.00 	 0.0984 	 1200.01 
j3030_8 	 5 	 9 	 60.00 	 67.00 	 0.1045 	 1200.01 
j3030_8 	 7 	 9 	 62.00 	 70.00 	 0.1143 	 1200.01 
j3030_9 	 3 	 9 	 58.00 	 60.00 	 0.0333 	 1200.01 
j3030_9 	 5 	 9 	 65.00 	 66.00 	 0.0152 	 1200.01 
j3030_9 	 7 	 2 	 70.00 	 70.00 	 0.0000 	 1015.69 
j3030_10 	 3 	 9 	 64.00 	 67.00 	 0.0448 	 1200.01 
j3030_10 	 5 	 9 	 71.00 	 74.00 	 0.0405 	 1200.01 
j3030_10 	 7 	 9 	 74.00 	 79.00 	 0.0633 	 1200.01 
j3031_1 	 3 	 2 	 56.00 	 56.00 	 0.0000 	 2.51 
j3031_1 	 5 	 2 	 63.00 	 63.00 	 0.0000 	 5.19 
j3031_1 	 7 	 2 	 67.00 	 67.00 	 0.0000 	 3.46 
j3031_2 	 3 	 2 	 77.00 	 77.00 	 0.0000 	 1.03 
j3031_2 	 5 	 2 	 85.00 	 85.00 	 0.0000 	 2.29 
j3031_2 	 7 	 2 	 92.00 	 92.00 	 0.0000 	 2.98 
j3031_3 	 3 	 2 	 73.00 	 73.00 	 0.0000 	 0.80 
j3031_3 	 5 	 2 	 81.00 	 81.00 	 0.0000 	 2.29 
j3031_3 	 7 	 2 	 87.00 	 87.00 	 0.0000 	 3.28 
j3031_4 	 3 	 2 	 64.00 	 64.00 	 0.0000 	 3.21 
j3031_4 	 5 	 2 	 71.00 	 71.00 	 0.0000 	 2.23 
j3031_4 	 7 	 2 	 75.00 	 75.00 	 0.0000 	 3.96 
j3031_5 	 3 	 2 	 66.00 	 66.00 	 0.0000 	 13.70 
j3031_5 	 5 	 2 	 72.00 	 72.00 	 0.0000 	 22.35 
j3031_5 	 7 	 2 	 77.00 	 77.00 	 0.0000 	 14.01 
j3031_6 	 3 	 2 	 67.00 	 67.00 	 0.0000 	 1.51 
j3031_6 	 5 	 2 	 74.00 	 74.00 	 0.0000 	 2.39 
j3031_6 	 7 	 2 	 79.00 	 79.00 	 0.0000 	 4.54 
j3031_7 	 3 	 2 	 75.00 	 75.00 	 0.0000 	 10.79 
j3031_7 	 5 	 2 	 83.00 	 83.00 	 0.0000 	 6.12 
j3031_7 	 7 	 2 	 90.00 	 90.00 	 0.0000 	 12.63 
j3031_8 	 3 	 2 	 73.00 	 73.00 	 0.0000 	 5.03 
j3031_8 	 5 	 2 	 82.00 	 82.00 	 0.0000 	 6.85 
j3031_8 	 7 	 2 	 87.00 	 87.00 	 0.0000 	 20.79 
j3031_9 	 3 	 9 	 62.00 	 64.00 	 0.0312 	 1200.01 
j3031_9 	 5 	 9 	 68.00 	 70.00 	 0.0286 	 1200.01 
j3031_9 	 7 	 9 	 71.00 	 75.00 	 0.0533 	 1200.01 
j3031_10 	 3 	 9 	 64.00 	 69.00 	 0.0725 	 1200.01 
j3031_10 	 5 	 9 	 72.00 	 75.00 	 0.0400 	 1200.01 
j3031_10 	 7 	 9 	 76.00 	 81.00 	 0.0617 	 1200.01 
j3032_1 	 3 	 2 	 76.00 	 76.00 	 0.0000 	 0.44 
j3032_1 	 5 	 2 	 85.00 	 85.00 	 0.0000 	 1.13 
j3032_1 	 7 	 2 	 92.00 	 92.00 	 0.0000 	 0.61 
j3032_2 	 3 	 2 	 75.00 	 75.00 	 0.0000 	 0.92 
j3032_2 	 5 	 2 	 83.00 	 83.00 	 0.0000 	 0.90 
j3032_2 	 7 	 2 	 90.00 	 90.00 	 0.0000 	 1.44 
j3032_3 	 3 	 2 	 72.00 	 72.00 	 0.0000 	 0.43 
j3032_3 	 5 	 2 	 80.00 	 80.00 	 0.0000 	 1.50 
j3032_3 	 7 	 2 	 88.00 	 88.00 	 0.0000 	 1.31 
j3032_4 	 3 	 2 	 83.00 	 83.00 	 0.0000 	 0.78 
j3032_4 	 5 	 2 	 93.00 	 93.00 	 0.0000 	 2.06 
j3032_4 	 7 	 2 	 101.00 	 101.00 	 0.0000 	 1.98 
j3032_5 	 3 	 2 	 69.00 	 69.00 	 0.0000 	 0.89 
j3032_5 	 5 	 2 	 78.00 	 78.00 	 0.0000 	 2.06 
j3032_5 	 7 	 2 	 81.00 	 81.00 	 0.0000 	 1.65 
j3032_6 	 3 	 2 	 56.00 	 56.00 	 0.0000 	 0.46 
j3032_6 	 5 	 2 	 62.00 	 62.00 	 0.0000 	 0.79 
j3032_6 	 7 	 2 	 66.00 	 66.00 	 0.0000 	 1.41 
j3032_7 	 3 	 2 	 47.00 	 47.00 	 0.0000 	 0.41 
j3032_7 	 5 	 2 	 52.00 	 52.00 	 0.0000 	 0.52 
j3032_7 	 7 	 2 	 54.00 	 54.00 	 0.0000 	 0.58 
j3032_8 	 3 	 2 	 69.00 	 69.00 	 0.0000 	 0.38 
j3032_8 	 5 	 2 	 78.00 	 78.00 	 0.0000 	 0.85 
j3032_8 	 7 	 2 	 81.00 	 81.00 	 0.0000 	 0.63 
j3032_9 	 3 	 2 	 80.00 	 80.00 	 0.0000 	 0.38 
j3032_9 	 5 	 2 	 90.00 	 90.00 	 0.0000 	 0.86 
j3032_9 	 7 	 2 	 96.00 	 96.00 	 0.0000 	 1.00 
j3032_10 	 3 	 2 	 64.00 	 64.00 	 0.0000 	 0.45 
j3032_10 	 5 	 2 	 72.00 	 72.00 	 0.0000 	 1.93 
j3032_10 	 7 	 2 	 78.00 	 78.00 	 0.0000 	 1.27 
j3033_1 	 3 	 2 	 80.00 	 80.00 	 0.0000 	 0.86 
j3033_1 	 5 	 2 	 88.00 	 88.00 	 0.0000 	 1.52 
j3033_1 	 7 	 2 	 94.00 	 94.00 	 0.0000 	 2.12 
j3033_2 	 3 	 2 	 75.00 	 75.00 	 0.0000 	 0.78 
j3033_2 	 5 	 2 	 83.00 	 83.00 	 0.0000 	 1.18 
j3033_2 	 7 	 2 	 89.00 	 89.00 	 0.0000 	 2.21 
j3033_3 	 3 	 2 	 69.00 	 69.00 	 0.0000 	 1.01 
j3033_3 	 5 	 2 	 77.00 	 77.00 	 0.0000 	 2.24 
j3033_3 	 7 	 2 	 83.00 	 83.00 	 0.0000 	 2.50 
j3033_4 	 3 	 2 	 92.00 	 92.00 	 0.0000 	 0.32 
j3033_4 	 5 	 2 	 102.00 	 102.00 	 0.0000 	 0.60 
j3033_4 	 7 	 2 	 110.00 	 110.00 	 0.0000 	 0.99 
j3033_5 	 3 	 2 	 65.00 	 65.00 	 0.0000 	 0.78 
j3033_5 	 5 	 2 	 73.00 	 73.00 	 0.0000 	 2.72 
j3033_5 	 7 	 2 	 80.00 	 80.00 	 0.0000 	 4.86 
j3033_6 	 3 	 2 	 73.00 	 73.00 	 0.0000 	 0.42 
j3033_6 	 5 	 2 	 81.00 	 81.00 	 0.0000 	 0.63 
j3033_6 	 7 	 2 	 87.00 	 87.00 	 0.0000 	 0.96 
j3033_7 	 3 	 2 	 73.00 	 73.00 	 0.0000 	 0.57 
j3033_7 	 5 	 2 	 82.00 	 82.00 	 0.0000 	 0.89 
j3033_7 	 7 	 2 	 87.00 	 87.00 	 0.0000 	 1.48 
j3033_8 	 3 	 2 	 76.00 	 76.00 	 0.0000 	 1.03 
j3033_8 	 5 	 2 	 84.00 	 84.00 	 0.0000 	 2.13 
j3033_8 	 7 	 2 	 90.00 	 90.00 	 0.0000 	 7.19 
j3033_9 	 3 	 2 	 79.00 	 79.00 	 0.0000 	 0.83 
j3033_9 	 5 	 2 	 87.00 	 87.00 	 0.0000 	 1.54 
j3033_9 	 7 	 2 	 93.00 	 93.00 	 0.0000 	 3.47 
j3033_10 	 3 	 2 	 67.00 	 67.00 	 0.0000 	 0.30 
j3033_10 	 5 	 2 	 75.00 	 75.00 	 0.0000 	 0.59 
j3033_10 	 7 	 2 	 82.00 	 82.00 	 0.0000 	 0.78 
j3034_1 	 3 	 2 	 83.00 	 83.00 	 0.0000 	 0.36 
j3034_1 	 5 	 2 	 93.00 	 93.00 	 0.0000 	 0.81 
j3034_1 	 7 	 2 	 101.00 	 101.00 	 0.0000 	 0.84 
j3034_2 	 3 	 2 	 57.00 	 57.00 	 0.0000 	 0.42 
j3034_2 	 5 	 2 	 63.00 	 63.00 	 0.0000 	 0.62 
j3034_2 	 7 	 2 	 67.00 	 67.00 	 0.0000 	 0.88 
j3034_3 	 3 	 2 	 83.00 	 83.00 	 0.0000 	 0.42 
j3034_3 	 5 	 2 	 91.00 	 91.00 	 0.0000 	 0.48 
j3034_3 	 7 	 2 	 98.00 	 98.00 	 0.0000 	 0.78 
j3034_4 	 3 	 2 	 82.00 	 82.00 	 0.0000 	 0.16 
j3034_4 	 5 	 2 	 92.00 	 92.00 	 0.0000 	 0.50 
j3034_4 	 7 	 2 	 98.00 	 98.00 	 0.0000 	 0.81 
j3034_5 	 3 	 2 	 77.00 	 77.00 	 0.0000 	 0.43 
j3034_5 	 5 	 2 	 85.00 	 85.00 	 0.0000 	 0.57 
j3034_5 	 7 	 2 	 91.00 	 91.00 	 0.0000 	 1.15 
j3034_6 	 3 	 2 	 66.00 	 66.00 	 0.0000 	 0.40 
j3034_6 	 5 	 2 	 73.00 	 73.00 	 0.0000 	 0.58 
j3034_6 	 7 	 2 	 78.00 	 78.00 	 0.0000 	 0.92 
j3034_7 	 3 	 2 	 73.00 	 73.00 	 0.0000 	 0.51 
j3034_7 	 5 	 2 	 81.00 	 81.00 	 0.0000 	 0.85 
j3034_7 	 7 	 2 	 86.00 	 86.00 	 0.0000 	 1.06 
j3034_8 	 3 	 2 	 73.00 	 73.00 	 0.0000 	 0.62 
j3034_8 	 5 	 2 	 81.00 	 81.00 	 0.0000 	 1.22 
j3034_8 	 7 	 2 	 86.00 	 86.00 	 0.0000 	 2.05 
j3034_9 	 3 	 2 	 75.00 	 75.00 	 0.0000 	 0.25 
j3034_9 	 5 	 2 	 82.00 	 82.00 	 0.0000 	 0.19 
j3034_9 	 7 	 2 	 87.00 	 87.00 	 0.0000 	 0.73 
j3034_10 	 3 	 2 	 61.00 	 61.00 	 0.0000 	 0.29 
j3034_10 	 5 	 2 	 67.00 	 67.00 	 0.0000 	 0.67 
j3034_10 	 7 	 2 	 71.00 	 71.00 	 0.0000 	 0.27 
j3035_1 	 3 	 2 	 72.00 	 72.00 	 0.0000 	 0.13 
j3035_1 	 5 	 2 	 81.00 	 81.00 	 0.0000 	 0.57 
j3035_1 	 7 	 2 	 86.00 	 86.00 	 0.0000 	 0.29 
j3035_2 	 3 	 2 	 68.00 	 68.00 	 0.0000 	 0.14 
j3035_2 	 5 	 2 	 77.00 	 77.00 	 0.0000 	 0.65 
j3035_2 	 7 	 2 	 82.00 	 82.00 	 0.0000 	 0.83 
j3035_3 	 3 	 2 	 75.00 	 75.00 	 0.0000 	 0.14 
j3035_3 	 5 	 2 	 83.00 	 83.00 	 0.0000 	 0.67 
j3035_3 	 7 	 2 	 89.00 	 89.00 	 0.0000 	 0.66 
j3035_4 	 3 	 2 	 64.00 	 64.00 	 0.0000 	 0.35 
j3035_4 	 5 	 2 	 71.00 	 71.00 	 0.0000 	 0.61 
j3035_4 	 7 	 2 	 75.00 	 75.00 	 0.0000 	 0.62 
j3035_5 	 3 	 2 	 75.00 	 75.00 	 0.0000 	 0.29 
j3035_5 	 5 	 2 	 84.00 	 84.00 	 0.0000 	 0.48 
j3035_5 	 7 	 2 	 91.00 	 91.00 	 0.0000 	 0.76 
j3035_6 	 3 	 2 	 72.00 	 72.00 	 0.0000 	 0.31 
j3035_6 	 5 	 2 	 78.00 	 78.00 	 0.0000 	 0.47 
j3035_6 	 7 	 2 	 84.00 	 84.00 	 0.0000 	 0.88 
j3035_7 	 3 	 2 	 76.00 	 76.00 	 0.0000 	 0.33 
j3035_7 	 5 	 2 	 84.00 	 84.00 	 0.0000 	 0.71 
j3035_7 	 7 	 2 	 90.00 	 90.00 	 0.0000 	 1.65 
j3035_8 	 3 	 2 	 78.00 	 78.00 	 0.0000 	 0.15 
j3035_8 	 5 	 2 	 86.00 	 86.00 	 0.0000 	 0.55 
j3035_8 	 7 	 2 	 94.00 	 94.00 	 0.0000 	 0.28 
j3035_9 	 3 	 2 	 74.00 	 74.00 	 0.0000 	 0.31 
j3035_9 	 5 	 2 	 83.00 	 83.00 	 0.0000 	 0.46 
j3035_9 	 7 	 2 	 89.00 	 89.00 	 0.0000 	 0.75 
j3035_10 	 3 	 2 	 72.00 	 72.00 	 0.0000 	 0.34 
j3035_10 	 5 	 2 	 80.00 	 80.00 	 0.0000 	 0.89 
j3035_10 	 7 	 2 	 86.00 	 86.00 	 0.0000 	 0.93 
j3036_1 	 3 	 2 	 81.00 	 81.00 	 0.0000 	 0.12 
j3036_1 	 5 	 2 	 91.00 	 91.00 	 0.0000 	 0.17 
j3036_1 	 7 	 2 	 97.00 	 97.00 	 0.0000 	 0.65 
j3036_2 	 3 	 2 	 56.00 	 56.00 	 0.0000 	 0.12 
j3036_2 	 5 	 2 	 62.00 	 62.00 	 0.0000 	 0.45 
j3036_2 	 7 	 2 	 67.00 	 67.00 	 0.0000 	 0.22 
j3036_3 	 3 	 2 	 76.00 	 76.00 	 0.0000 	 0.11 
j3036_3 	 5 	 2 	 84.00 	 84.00 	 0.0000 	 0.16 
j3036_3 	 7 	 2 	 91.00 	 91.00 	 0.0000 	 0.70 
j3036_4 	 3 	 2 	 74.00 	 74.00 	 0.0000 	 0.13 
j3036_4 	 5 	 2 	 82.00 	 82.00 	 0.0000 	 0.50 
j3036_4 	 7 	 2 	 89.00 	 89.00 	 0.0000 	 0.32 
j3036_5 	 3 	 2 	 79.00 	 79.00 	 0.0000 	 0.17 
j3036_5 	 5 	 2 	 87.00 	 87.00 	 0.0000 	 0.20 
j3036_5 	 7 	 2 	 94.00 	 94.00 	 0.0000 	 0.70 
j3036_6 	 3 	 2 	 59.00 	 59.00 	 0.0000 	 0.15 
j3036_6 	 5 	 2 	 67.00 	 67.00 	 0.0000 	 0.23 
j3036_6 	 7 	 2 	 69.00 	 69.00 	 0.0000 	 0.27 
j3036_7 	 3 	 2 	 70.00 	 70.00 	 0.0000 	 0.13 
j3036_7 	 5 	 2 	 78.00 	 78.00 	 0.0000 	 0.27 
j3036_7 	 7 	 2 	 83.00 	 83.00 	 0.0000 	 0.24 
j3036_8 	 3 	 2 	 76.00 	 76.00 	 0.0000 	 0.26 
j3036_8 	 5 	 2 	 84.00 	 84.00 	 0.0000 	 0.23 
j3036_8 	 7 	 2 	 89.00 	 89.00 	 0.0000 	 0.32 
j3036_9 	 3 	 2 	 74.00 	 74.00 	 0.0000 	 0.35 
j3036_9 	 5 	 2 	 83.00 	 83.00 	 0.0000 	 0.20 
j3036_9 	 7 	 2 	 88.00 	 88.00 	 0.0000 	 0.70 
j3036_10 	 3 	 2 	 73.00 	 73.00 	 0.0000 	 0.14 
j3036_10 	 5 	 2 	 81.00 	 81.00 	 0.0000 	 0.20 
j3036_10 	 7 	 2 	 87.00 	 87.00 	 0.0000 	 0.25 
j3037_1 	 3 	 2 	 94.00 	 94.00 	 0.0000 	 217.20 
j3037_1 	 5 	 2 	 103.00 	 103.00 	 0.0000 	 542.41 
j3037_1 	 7 	 2 	 111.00 	 111.00 	 0.0000 	 981.45 
j3037_2 	 3 	 2 	 84.00 	 84.00 	 0.0000 	 38.43 
j3037_2 	 5 	 2 	 92.00 	 92.00 	 0.0000 	 79.77 
j3037_2 	 7 	 2 	 100.00 	 100.00 	 0.0000 	 217.34 
j3037_3 	 3 	 9 	 73.00 	 100.00 	 0.2700 	 1200.01 
j3037_3 	 5 	 9 	 79.00 	 105.00 	 0.2476 	 1200.02 
j3037_3 	 7 	 9 	 84.00 	 111.00 	 0.2432 	 1200.04 
j3037_4 	 3 	 9 	 86.00 	 97.00 	 0.1134 	 1200.02 
j3037_4 	 5 	 9 	 89.00 	 105.00 	 0.1524 	 1200.01 
j3037_4 	 7 	 9 	 95.00 	 113.00 	 0.1593 	 1200.01 
j3037_5 	 3 	 2 	 95.00 	 95.00 	 0.0000 	 129.47 
j3037_5 	 5 	 2 	 105.00 	 105.00 	 0.0000 	 322.99 
j3037_5 	 7 	 2 	 114.00 	 114.00 	 0.0000 	 249.31 
j3037_6 	 3 	 2 	 87.00 	 87.00 	 0.0000 	 84.22 
j3037_6 	 5 	 2 	 95.00 	 95.00 	 0.0000 	 288.05 
j3037_6 	 7 	 2 	 102.00 	 102.00 	 0.0000 	 395.47 
j3037_7 	 3 	 9 	 92.00 	 107.00 	 0.1402 	 1200.02 
j3037_7 	 5 	 9 	 86.00 	 116.00 	 0.2586 	 1200.01 
j3037_7 	 7 	 9 	 95.00 	 125.00 	 0.2400 	 1200.02 
j3037_8 	 3 	 2 	 87.00 	 87.00 	 0.0000 	 92.64 
j3037_8 	 5 	 2 	 96.00 	 96.00 	 0.0000 	 132.93 
j3037_8 	 7 	 2 	 104.00 	 104.00 	 0.0000 	 89.48 
j3037_9 	 3 	 2 	 71.00 	 71.00 	 0.0000 	 125.43 
j3037_9 	 5 	 2 	 77.00 	 77.00 	 0.0000 	 245.22 
j3037_9 	 7 	 2 	 82.00 	 82.00 	 0.0000 	 392.29 
j3037_10 	 3 	 9 	 91.00 	 95.00 	 0.0421 	 1200.01 
j3037_10 	 5 	 9 	 96.00 	 103.00 	 0.0680 	 1200.04 
j3037_10 	 7 	 9 	 102.00 	 110.00 	 0.0727 	 1200.03 
j3038_1 	 3 	 2 	 62.00 	 62.00 	 0.0000 	 3.19 
j3038_1 	 5 	 2 	 70.00 	 70.00 	 0.0000 	 3.73 
j3038_1 	 7 	 2 	 73.00 	 73.00 	 0.0000 	 18.94 
j3038_2 	 3 	 2 	 69.00 	 69.00 	 0.0000 	 2.16 
j3038_2 	 5 	 2 	 76.00 	 76.00 	 0.0000 	 3.37 
j3038_2 	 7 	 2 	 81.00 	 81.00 	 0.0000 	 6.14 
j3038_3 	 3 	 2 	 74.00 	 74.00 	 0.0000 	 4.85 
j3038_3 	 5 	 2 	 82.00 	 82.00 	 0.0000 	 11.93 
j3038_3 	 7 	 2 	 87.00 	 87.00 	 0.0000 	 15.38 
j3038_4 	 3 	 2 	 74.00 	 74.00 	 0.0000 	 4.27 
j3038_4 	 5 	 2 	 83.00 	 83.00 	 0.0000 	 5.27 
j3038_4 	 7 	 2 	 89.00 	 89.00 	 0.0000 	 6.89 
j3038_5 	 3 	 2 	 86.00 	 86.00 	 0.0000 	 8.48 
j3038_5 	 5 	 2 	 95.00 	 95.00 	 0.0000 	 14.31 
j3038_5 	 7 	 2 	 103.00 	 103.00 	 0.0000 	 16.99 
j3038_6 	 3 	 2 	 78.00 	 78.00 	 0.0000 	 2.13 
j3038_6 	 5 	 2 	 86.00 	 86.00 	 0.0000 	 2.77 
j3038_6 	 7 	 2 	 93.00 	 93.00 	 0.0000 	 5.79 
j3038_7 	 3 	 2 	 80.00 	 80.00 	 0.0000 	 13.29 
j3038_7 	 5 	 2 	 90.00 	 90.00 	 0.0000 	 20.42 
j3038_7 	 7 	 2 	 96.00 	 96.00 	 0.0000 	 5.47 
j3038_8 	 3 	 2 	 76.00 	 76.00 	 0.0000 	 4.39 
j3038_8 	 5 	 2 	 84.00 	 84.00 	 0.0000 	 6.94 
j3038_8 	 7 	 2 	 90.00 	 90.00 	 0.0000 	 9.20 
j3038_9 	 3 	 2 	 78.00 	 78.00 	 0.0000 	 23.59 
j3038_9 	 5 	 2 	 86.00 	 86.00 	 0.0000 	 27.00 
j3038_9 	 7 	 2 	 94.00 	 94.00 	 0.0000 	 74.09 
j3038_10 	 3 	 2 	 75.00 	 75.00 	 0.0000 	 5.66 
j3038_10 	 5 	 2 	 82.00 	 82.00 	 0.0000 	 12.31 
j3038_10 	 7 	 2 	 87.00 	 87.00 	 0.0000 	 10.06 
j3039_1 	 3 	 2 	 70.00 	 70.00 	 0.0000 	 1.20 
j3039_1 	 5 	 2 	 78.00 	 78.00 	 0.0000 	 1.66 
j3039_1 	 7 	 2 	 84.00 	 84.00 	 0.0000 	 2.46 
j3039_2 	 3 	 2 	 69.00 	 69.00 	 0.0000 	 1.67 
j3039_2 	 5 	 2 	 77.00 	 77.00 	 0.0000 	 4.04 
j3039_2 	 7 	 2 	 81.00 	 81.00 	 0.0000 	 2.95 
j3039_3 	 3 	 2 	 69.00 	 69.00 	 0.0000 	 3.54 
j3039_3 	 5 	 2 	 77.00 	 77.00 	 0.0000 	 2.51 
j3039_3 	 7 	 2 	 82.00 	 82.00 	 0.0000 	 6.27 
j3039_4 	 3 	 2 	 68.00 	 68.00 	 0.0000 	 2.35 
j3039_4 	 5 	 2 	 75.00 	 75.00 	 0.0000 	 3.37 
j3039_4 	 7 	 2 	 80.00 	 80.00 	 0.0000 	 2.22 
j3039_5 	 3 	 2 	 70.00 	 70.00 	 0.0000 	 1.52 
j3039_5 	 5 	 2 	 79.00 	 79.00 	 0.0000 	 2.02 
j3039_5 	 7 	 2 	 84.00 	 84.00 	 0.0000 	 3.89 
j3039_6 	 3 	 2 	 84.00 	 84.00 	 0.0000 	 1.53 
j3039_6 	 5 	 2 	 94.00 	 94.00 	 0.0000 	 7.13 
j3039_6 	 7 	 2 	 101.00 	 101.00 	 0.0000 	 5.34 
j3039_7 	 3 	 2 	 71.00 	 71.00 	 0.0000 	 1.99 
j3039_7 	 5 	 2 	 79.00 	 79.00 	 0.0000 	 3.67 
j3039_7 	 7 	 2 	 84.00 	 84.00 	 0.0000 	 2.61 
j3039_8 	 3 	 2 	 82.00 	 82.00 	 0.0000 	 0.62 
j3039_8 	 5 	 2 	 90.00 	 90.00 	 0.0000 	 1.45 
j3039_8 	 7 	 2 	 97.00 	 97.00 	 0.0000 	 2.72 
j3039_9 	 3 	 2 	 79.00 	 79.00 	 0.0000 	 2.48 
j3039_9 	 5 	 2 	 88.00 	 88.00 	 0.0000 	 3.42 
j3039_9 	 7 	 2 	 96.00 	 96.00 	 0.0000 	 4.45 
j3039_10 	 3 	 2 	 75.00 	 75.00 	 0.0000 	 6.34 
j3039_10 	 5 	 2 	 83.00 	 83.00 	 0.0000 	 4.45 
j3039_10 	 7 	 2 	 89.00 	 89.00 	 0.0000 	 16.66 
j3040_1 	 3 	 2 	 65.00 	 65.00 	 0.0000 	 1.34 
j3040_1 	 5 	 2 	 73.00 	 73.00 	 0.0000 	 2.47 
j3040_1 	 7 	 2 	 78.00 	 78.00 	 0.0000 	 1.85 
j3040_2 	 3 	 2 	 70.00 	 70.00 	 0.0000 	 0.81 
j3040_2 	 5 	 2 	 78.00 	 78.00 	 0.0000 	 1.51 
j3040_2 	 7 	 2 	 85.00 	 85.00 	 0.0000 	 1.59 
j3040_3 	 3 	 2 	 72.00 	 72.00 	 0.0000 	 0.84 
j3040_3 	 5 	 2 	 80.00 	 80.00 	 0.0000 	 1.05 
j3040_3 	 7 	 2 	 87.00 	 87.00 	 0.0000 	 1.91 
j3040_4 	 3 	 2 	 72.00 	 72.00 	 0.0000 	 0.41 
j3040_4 	 5 	 2 	 81.00 	 81.00 	 0.0000 	 1.75 
j3040_4 	 7 	 2 	 87.00 	 87.00 	 0.0000 	 2.27 
j3040_5 	 3 	 2 	 80.00 	 80.00 	 0.0000 	 0.72 
j3040_5 	 5 	 2 	 89.00 	 89.00 	 0.0000 	 1.19 
j3040_5 	 7 	 2 	 96.00 	 96.00 	 0.0000 	 1.44 
j3040_6 	 3 	 2 	 73.00 	 73.00 	 0.0000 	 0.96 
j3040_6 	 5 	 2 	 81.00 	 81.00 	 0.0000 	 1.22 
j3040_6 	 7 	 2 	 87.00 	 87.00 	 0.0000 	 1.65 
j3040_7 	 3 	 2 	 61.00 	 61.00 	 0.0000 	 0.92 
j3040_7 	 5 	 2 	 68.00 	 68.00 	 0.0000 	 1.52 
j3040_7 	 7 	 2 	 71.00 	 71.00 	 0.0000 	 1.63 
j3040_8 	 3 	 2 	 72.00 	 72.00 	 0.0000 	 0.51 
j3040_8 	 5 	 2 	 80.00 	 80.00 	 0.0000 	 1.03 
j3040_8 	 7 	 2 	 86.00 	 86.00 	 0.0000 	 0.98 
j3040_9 	 3 	 2 	 79.00 	 79.00 	 0.0000 	 0.79 
j3040_9 	 5 	 2 	 88.00 	 88.00 	 0.0000 	 1.46 
j3040_9 	 7 	 2 	 95.00 	 95.00 	 0.0000 	 1.95 
j3040_10 	 3 	 2 	 62.00 	 62.00 	 0.0000 	 0.85 
j3040_10 	 5 	 2 	 68.00 	 68.00 	 0.0000 	 1.09 
j3040_10 	 7 	 2 	 73.00 	 73.00 	 0.0000 	 0.96 
j3041_1 	 3 	 9 	 80.00 	 107.00 	 0.2523 	 1200.01 
j3041_1 	 5 	 9 	 82.00 	 110.00 	 0.2545 	 1200.02 
j3041_1 	 7 	 9 	 89.00 	 123.00 	 0.2764 	 1200.01 
j3041_2 	 3 	 9 	 75.00 	 108.00 	 0.3056 	 1200.02 
j3041_2 	 5 	 9 	 78.00 	 120.00 	 0.3500 	 1200.01 
j3041_2 	 7 	 9 	 84.00 	 128.00 	 0.3438 	 1200.03 
j3041_3 	 3 	 9 	 75.00 	 106.00 	 0.2925 	 1200.01 
j3041_3 	 5 	 9 	 84.00 	 110.00 	 0.2364 	 1200.01 
j3041_3 	 7 	 9 	 88.00 	 127.00 	 0.3071 	 1200.06 
j3041_4 	 3 	 9 	 80.00 	 98.00 	 0.1837 	 1200.02 
j3041_4 	 5 	 9 	 87.00 	 104.00 	 0.1635 	 1200.01 
j3041_4 	 7 	 9 	 93.00 	 114.00 	 0.1842 	 1200.02 
j3041_5 	 3 	 9 	 95.00 	 116.00 	 0.1810 	 1200.01 
j3041_5 	 5 	 9 	 107.00 	 127.00 	 0.1575 	 1200.02 
j3041_5 	 7 	 9 	 107.00 	 136.00 	 0.2132 	 1200.02 
j3041_6 	 3 	 9 	 83.00 	 121.00 	 0.3140 	 1200.01 
j3041_6 	 5 	 9 	 91.00 	 132.00 	 0.3106 	 1200.02 
j3041_6 	 7 	 9 	 97.00 	 146.00 	 0.3356 	 1200.02 
j3041_7 	 3 	 9 	 83.00 	 113.00 	 0.2655 	 1200.02 
j3041_7 	 5 	 9 	 92.00 	 128.00 	 0.2812 	 1200.02 
j3041_7 	 7 	 9 	 100.00 	 130.00 	 0.2308 	 1200.02 
j3041_8 	 3 	 9 	 76.00 	 109.00 	 0.3028 	 1200.02 
j3041_8 	 5 	 9 	 83.00 	 124.00 	 0.3306 	 1200.02 
j3041_8 	 7 	 9 	 86.00 	 129.00 	 0.3333 	 1200.02 
j3041_9 	 3 	 9 	 87.00 	 112.00 	 0.2232 	 1200.01 
j3041_9 	 5 	 9 	 96.00 	 120.00 	 0.2000 	 1200.01 
j3041_9 	 7 	 9 	 103.00 	 131.00 	 0.2137 	 1200.05 
j3041_10 	 3 	 9 	 78.00 	 118.00 	 0.3390 	 1200.01 
j3041_10 	 5 	 9 	 87.00 	 126.00 	 0.3095 	 1200.02 
j3041_10 	 7 	 9 	 92.00 	 137.00 	 0.3285 	 1200.02 
j3042_1 	 3 	 2 	 73.00 	 73.00 	 0.0000 	 6.30 
j3042_1 	 5 	 2 	 81.00 	 81.00 	 0.0000 	 6.27 
j3042_1 	 7 	 2 	 88.00 	 88.00 	 0.0000 	 12.70 
j3042_2 	 3 	 2 	 62.00 	 62.00 	 0.0000 	 18.31 
j3042_2 	 5 	 2 	 69.00 	 69.00 	 0.0000 	 72.34 
j3042_2 	 7 	 2 	 73.00 	 73.00 	 0.0000 	 66.02 
j3042_3 	 3 	 2 	 75.00 	 75.00 	 0.0000 	 250.01 
j3042_3 	 5 	 2 	 83.00 	 83.00 	 0.0000 	 136.35 
j3042_3 	 7 	 2 	 88.00 	 88.00 	 0.0000 	 394.65 
j3042_4 	 3 	 2 	 63.00 	 63.00 	 0.0000 	 150.66 
j3042_4 	 5 	 2 	 69.00 	 69.00 	 0.0000 	 645.48 
j3042_4 	 7 	 2 	 73.00 	 73.00 	 0.0000 	 423.55 
j3042_5 	 3 	 2 	 67.00 	 67.00 	 0.0000 	 4.45 
j3042_5 	 5 	 2 	 76.00 	 76.00 	 0.0000 	 3.29 
j3042_5 	 7 	 2 	 80.00 	 80.00 	 0.0000 	 4.03 
j3042_6 	 3 	 2 	 81.00 	 81.00 	 0.0000 	 17.30 
j3042_6 	 5 	 2 	 89.00 	 89.00 	 0.0000 	 52.11 
j3042_6 	 7 	 2 	 95.00 	 95.00 	 0.0000 	 37.99 
j3042_7 	 3 	 2 	 81.00 	 81.00 	 0.0000 	 5.92 
j3042_7 	 5 	 2 	 90.00 	 90.00 	 0.0000 	 21.39 
j3042_7 	 7 	 2 	 96.00 	 96.00 	 0.0000 	 21.80 
j3042_8 	 3 	 9 	 83.00 	 97.00 	 0.1443 	 1200.02 
j3042_8 	 5 	 9 	 91.00 	 106.00 	 0.1415 	 1200.02 
j3042_8 	 7 	 9 	 99.00 	 114.00 	 0.1316 	 1200.02 
j3042_9 	 3 	 2 	 75.00 	 75.00 	 0.0000 	 1026.61 
j3042_9 	 5 	 9 	 84.00 	 85.00 	 0.0118 	 1200.02 
j3042_9 	 7 	 2 	 89.00 	 89.00 	 0.0000 	 284.19 
j3042_10 	 3 	 2 	 90.00 	 90.00 	 0.0000 	 3.11 
j3042_10 	 5 	 2 	 100.00 	 100.00 	 0.0000 	 8.21 
j3042_10 	 7 	 2 	 108.00 	 108.00 	 0.0000 	 3.21 
j3043_1 	 3 	 2 	 68.00 	 68.00 	 0.0000 	 15.00 
j3043_1 	 5 	 2 	 75.00 	 75.00 	 0.0000 	 33.04 
j3043_1 	 7 	 2 	 80.00 	 80.00 	 0.0000 	 28.40 
j3043_2 	 3 	 2 	 57.00 	 57.00 	 0.0000 	 2.15 
j3043_2 	 5 	 2 	 63.00 	 63.00 	 0.0000 	 5.14 
j3043_2 	 7 	 2 	 66.00 	 66.00 	 0.0000 	 6.98 
j3043_3 	 3 	 2 	 72.00 	 72.00 	 0.0000 	 17.27 
j3043_3 	 5 	 2 	 80.00 	 80.00 	 0.0000 	 16.63 
j3043_3 	 7 	 2 	 87.00 	 87.00 	 0.0000 	 25.15 
j3043_4 	 3 	 2 	 82.00 	 82.00 	 0.0000 	 3.40 
j3043_4 	 5 	 2 	 91.00 	 91.00 	 0.0000 	 8.04 
j3043_4 	 7 	 2 	 99.00 	 99.00 	 0.0000 	 9.32 
j3043_5 	 3 	 2 	 79.00 	 79.00 	 0.0000 	 16.17 
j3043_5 	 5 	 2 	 88.00 	 88.00 	 0.0000 	 40.52 
j3043_5 	 7 	 2 	 95.00 	 95.00 	 0.0000 	 75.55 
j3043_6 	 3 	 2 	 73.00 	 73.00 	 0.0000 	 6.79 
j3043_6 	 5 	 2 	 82.00 	 82.00 	 0.0000 	 35.65 
j3043_6 	 7 	 2 	 87.00 	 87.00 	 0.0000 	 17.65 
j3043_7 	 3 	 2 	 67.00 	 67.00 	 0.0000 	 6.50 
j3043_7 	 5 	 2 	 75.00 	 75.00 	 0.0000 	 4.60 
j3043_7 	 7 	 2 	 80.00 	 80.00 	 0.0000 	 5.31 
j3043_8 	 3 	 2 	 77.00 	 77.00 	 0.0000 	 7.31 
j3043_8 	 5 	 2 	 85.00 	 85.00 	 0.0000 	 9.27 
j3043_8 	 7 	 2 	 91.00 	 91.00 	 0.0000 	 11.43 
j3043_9 	 3 	 9 	 71.00 	 72.00 	 0.0139 	 1200.02 
j3043_9 	 5 	 9 	 79.00 	 80.00 	 0.0125 	 1200.01 
j3043_9 	 7 	 2 	 85.00 	 85.00 	 0.0000 	 428.61 
j3043_10 	 3 	 2 	 75.00 	 75.00 	 0.0000 	 70.08 
j3043_10 	 5 	 2 	 83.00 	 83.00 	 0.0000 	 641.54 
j3043_10 	 7 	 9 	 88.00 	 89.00 	 0.0112 	 1200.01 
j3044_1 	 3 	 2 	 63.00 	 63.00 	 0.0000 	 1.07 
j3044_1 	 5 	 2 	 69.00 	 69.00 	 0.0000 	 1.91 
j3044_1 	 7 	 2 	 74.00 	 74.00 	 0.0000 	 3.65 
j3044_2 	 3 	 2 	 69.00 	 69.00 	 0.0000 	 0.95 
j3044_2 	 5 	 2 	 78.00 	 78.00 	 0.0000 	 1.21 
j3044_2 	 7 	 2 	 82.00 	 82.00 	 0.0000 	 2.10 
j3044_3 	 3 	 2 	 66.00 	 66.00 	 0.0000 	 0.58 
j3044_3 	 5 	 2 	 74.00 	 74.00 	 0.0000 	 0.84 
j3044_3 	 7 	 2 	 79.00 	 79.00 	 0.0000 	 1.89 
j3044_4 	 3 	 2 	 72.00 	 72.00 	 0.0000 	 1.17 
j3044_4 	 5 	 2 	 81.00 	 81.00 	 0.0000 	 2.06 
j3044_4 	 7 	 2 	 86.00 	 86.00 	 0.0000 	 2.25 
j3044_5 	 3 	 2 	 70.00 	 70.00 	 0.0000 	 0.53 
j3044_5 	 5 	 2 	 78.00 	 78.00 	 0.0000 	 1.57 
j3044_5 	 7 	 2 	 85.00 	 85.00 	 0.0000 	 2.89 
j3044_6 	 3 	 2 	 70.00 	 70.00 	 0.0000 	 0.81 
j3044_6 	 5 	 2 	 76.00 	 76.00 	 0.0000 	 1.63 
j3044_6 	 7 	 2 	 82.00 	 82.00 	 0.0000 	 1.02 
j3044_7 	 3 	 2 	 55.00 	 55.00 	 0.0000 	 0.62 
j3044_7 	 5 	 2 	 61.00 	 61.00 	 0.0000 	 2.02 
j3044_7 	 7 	 2 	 63.00 	 63.00 	 0.0000 	 2.63 
j3044_8 	 3 	 2 	 62.00 	 62.00 	 0.0000 	 1.29 
j3044_8 	 5 	 2 	 69.00 	 69.00 	 0.0000 	 1.62 
j3044_8 	 7 	 2 	 74.00 	 74.00 	 0.0000 	 3.21 
j3044_9 	 3 	 2 	 79.00 	 79.00 	 0.0000 	 0.81 
j3044_9 	 5 	 2 	 86.00 	 86.00 	 0.0000 	 1.76 
j3044_9 	 7 	 2 	 92.00 	 92.00 	 0.0000 	 1.71 
j3044_10 	 3 	 2 	 78.00 	 78.00 	 0.0000 	 0.56 
j3044_10 	 5 	 2 	 88.00 	 88.00 	 0.0000 	 0.78 
j3044_10 	 7 	 2 	 95.00 	 95.00 	 0.0000 	 1.72 
j3045_1 	 3 	 9 	 66.00 	 116.00 	 0.4310 	 1200.01 
j3045_1 	 5 	 9 	 73.00 	 116.00 	 0.3707 	 1200.01 
j3045_1 	 7 	 9 	 79.00 	 135.00 	 0.4148 	 1200.03 
j3045_2 	 3 	 9 	 78.00 	 148.00 	 0.4730 	 1200.01 
j3045_2 	 5 	 9 	 87.00 	 159.00 	 0.4528 	 1200.02 
j3045_2 	 7 	 9 	 93.00 	 163.00 	 0.4294 	 1200.02 
j3045_3 	 3 	 9 	 75.00 	 122.00 	 0.3852 	 1200.02 
j3045_3 	 5 	 9 	 81.00 	 122.00 	 0.3361 	 1200.02 
j3045_3 	 7 	 9 	 87.00 	 130.00 	 0.3308 	 1200.03 
j3045_4 	 3 	 9 	 73.00 	 121.00 	 0.3967 	 1200.02 
j3045_4 	 5 	 9 	 79.00 	 114.00 	 0.3070 	 1200.03 
j3045_4 	 7 	 9 	 85.00 	 132.00 	 0.3561 	 1200.03 
j3045_5 	 3 	 9 	 73.00 	 103.00 	 0.2913 	 1200.02 
j3045_5 	 5 	 9 	 82.00 	 113.00 	 0.2743 	 1200.03 
j3045_5 	 7 	 9 	 87.00 	 123.00 	 0.2927 	 1200.02 
j3045_6 	 3 	 9 	 87.00 	 151.00 	 0.4238 	 1200.02 
j3045_6 	 5 	 9 	 104.00 	 166.00 	 0.3735 	 1200.02 
j3045_6 	 7 	 9 	 112.00 	 190.00 	 0.4105 	 1200.02 
j3045_7 	 3 	 9 	 87.00 	 120.00 	 0.2750 	 1200.01 
j3045_7 	 5 	 9 	 96.00 	 132.00 	 0.2727 	 1200.02 
j3045_7 	 7 	 9 	 104.00 	 153.00 	 0.3203 	 1200.02 
j3045_8 	 3 	 9 	 81.00 	 114.00 	 0.2895 	 1200.03 
j3045_8 	 5 	 9 	 91.00 	 127.00 	 0.2835 	 1200.03 
j3045_8 	 7 	 9 	 98.00 	 138.00 	 0.2899 	 1200.03 
j3045_9 	 3 	 9 	 71.00 	 105.00 	 0.3238 	 1200.01 
j3045_9 	 5 	 9 	 79.00 	 115.00 	 0.3130 	 1200.01 
j3045_9 	 7 	 9 	 82.00 	 123.00 	 0.3333 	 1200.03 
j3045_10 	 3 	 9 	 72.00 	 109.00 	 0.3394 	 1200.01 
j3045_10 	 5 	 9 	 80.00 	 125.00 	 0.3600 	 1200.01 
j3045_10 	 7 	 9 	 87.00 	 129.00 	 0.3256 	 1200.02 
j3046_1 	 3 	 9 	 73.00 	 74.00 	 0.0135 	 1200.02 
j3046_1 	 5 	 9 	 80.00 	 81.00 	 0.0123 	 1200.02 
j3046_1 	 7 	 9 	 86.00 	 88.00 	 0.0227 	 1200.01 
j3046_2 	 3 	 9 	 78.00 	 81.00 	 0.0370 	 1200.01 
j3046_2 	 5 	 9 	 86.00 	 90.00 	 0.0444 	 1200.02 
j3046_2 	 7 	 9 	 93.00 	 98.00 	 0.0510 	 1200.02 
j3046_3 	 3 	 2 	 79.00 	 79.00 	 0.0000 	 38.65 
j3046_3 	 5 	 2 	 88.00 	 88.00 	 0.0000 	 52.11 
j3046_3 	 7 	 2 	 95.00 	 95.00 	 0.0000 	 137.29 
j3046_4 	 3 	 2 	 79.00 	 79.00 	 0.0000 	 973.80 
j3046_4 	 5 	 9 	 86.00 	 87.00 	 0.0115 	 1200.03 
j3046_4 	 7 	 9 	 91.00 	 93.00 	 0.0215 	 1200.01 
j3046_5 	 3 	 2 	 72.00 	 72.00 	 0.0000 	 67.27 
j3046_5 	 5 	 2 	 81.00 	 81.00 	 0.0000 	 223.99 
j3046_5 	 7 	 2 	 86.00 	 86.00 	 0.0000 	 41.09 
j3046_6 	 3 	 9 	 71.00 	 74.00 	 0.0405 	 1200.02 
j3046_6 	 5 	 9 	 80.00 	 81.00 	 0.0123 	 1200.02 
j3046_6 	 7 	 9 	 85.00 	 87.00 	 0.0230 	 1200.03 
j3046_7 	 3 	 9 	 62.00 	 74.00 	 0.1622 	 1200.02 
j3046_7 	 5 	 9 	 67.00 	 83.00 	 0.1928 	 1200.02 
j3046_7 	 7 	 9 	 73.00 	 87.00 	 0.1609 	 1200.03 
j3046_8 	 3 	 9 	 70.00 	 74.00 	 0.0541 	 1200.01 
j3046_8 	 5 	 9 	 80.00 	 81.00 	 0.0123 	 1200.02 
j3046_8 	 7 	 9 	 83.00 	 88.00 	 0.0568 	 1200.02 
j3046_9 	 3 	 9 	 63.00 	 64.00 	 0.0156 	 1200.01 
j3046_9 	 5 	 9 	 66.00 	 70.00 	 0.0571 	 1200.01 
j3046_9 	 7 	 9 	 72.00 	 74.00 	 0.0270 	 1200.05 
j3046_10 	 3 	 9 	 63.00 	 70.00 	 0.1000 	 1200.01 
j3046_10 	 5 	 9 	 70.00 	 77.00 	 0.0909 	 1200.01 
j3046_10 	 7 	 9 	 73.00 	 83.00 	 0.1205 	 1200.02 
j3047_1 	 3 	 2 	 72.00 	 72.00 	 0.0000 	 3.21 
j3047_1 	 5 	 2 	 80.00 	 80.00 	 0.0000 	 4.97 
j3047_1 	 7 	 2 	 85.00 	 85.00 	 0.0000 	 9.88 
j3047_2 	 3 	 2 	 73.00 	 73.00 	 0.0000 	 3.90 
j3047_2 	 5 	 2 	 81.00 	 81.00 	 0.0000 	 3.45 
j3047_2 	 7 	 2 	 87.00 	 87.00 	 0.0000 	 4.49 
j3047_3 	 3 	 2 	 70.00 	 70.00 	 0.0000 	 3.85 
j3047_3 	 5 	 2 	 78.00 	 78.00 	 0.0000 	 4.23 
j3047_3 	 7 	 2 	 84.00 	 84.00 	 0.0000 	 5.27 
j3047_4 	 3 	 2 	 62.00 	 62.00 	 0.0000 	 24.50 
j3047_4 	 5 	 2 	 68.00 	 68.00 	 0.0000 	 234.06 
j3047_4 	 7 	 2 	 72.00 	 72.00 	 0.0000 	 43.39 
j3047_5 	 3 	 2 	 60.00 	 60.00 	 0.0000 	 76.42 
j3047_5 	 5 	 2 	 66.00 	 66.00 	 0.0000 	 262.17 
j3047_5 	 7 	 2 	 70.00 	 70.00 	 0.0000 	 685.37 
j3047_6 	 3 	 2 	 68.00 	 68.00 	 0.0000 	 16.09 
j3047_6 	 5 	 2 	 75.00 	 75.00 	 0.0000 	 26.49 
j3047_6 	 7 	 2 	 79.00 	 79.00 	 0.0000 	 28.34 
j3047_7 	 3 	 9 	 78.00 	 81.00 	 0.0370 	 1200.03 
j3047_7 	 5 	 9 	 86.00 	 89.00 	 0.0337 	 1200.02 
j3047_7 	 7 	 9 	 94.00 	 96.00 	 0.0208 	 1200.02 
j3047_8 	 3 	 2 	 62.00 	 62.00 	 0.0000 	 2.40 
j3047_8 	 5 	 2 	 70.00 	 70.00 	 0.0000 	 3.56 
j3047_8 	 7 	 2 	 73.00 	 73.00 	 0.0000 	 6.65 
j3047_9 	 3 	 2 	 80.00 	 80.00 	 0.0000 	 2.55 
j3047_9 	 5 	 2 	 90.00 	 90.00 	 0.0000 	 7.98 
j3047_9 	 7 	 2 	 97.00 	 97.00 	 0.0000 	 8.90 
j3047_10 	 3 	 2 	 74.00 	 74.00 	 0.0000 	 736.87 
j3047_10 	 5 	 9 	 80.00 	 81.00 	 0.0123 	 1200.01 
j3047_10 	 7 	 2 	 86.00 	 86.00 	 0.0000 	 774.42 
j3048_1 	 3 	 2 	 78.00 	 78.00 	 0.0000 	 0.66 
j3048_1 	 5 	 2 	 85.00 	 85.00 	 0.0000 	 1.93 
j3048_1 	 7 	 2 	 91.00 	 91.00 	 0.0000 	 0.96 
j3048_2 	 3 	 2 	 66.00 	 66.00 	 0.0000 	 0.72 
j3048_2 	 5 	 2 	 73.00 	 73.00 	 0.0000 	 1.72 
j3048_2 	 7 	 2 	 78.00 	 78.00 	 0.0000 	 1.14 
j3048_3 	 3 	 2 	 64.00 	 64.00 	 0.0000 	 0.71 
j3048_3 	 5 	 2 	 71.00 	 71.00 	 0.0000 	 1.46 
j3048_3 	 7 	 2 	 76.00 	 76.00 	 0.0000 	 1.92 
j3048_4 	 3 	 2 	 72.00 	 72.00 	 0.0000 	 1.36 
j3048_4 	 5 	 2 	 81.00 	 81.00 	 0.0000 	 1.74 
j3048_4 	 7 	 2 	 86.00 	 86.00 	 0.0000 	 2.20 
j3048_5 	 3 	 2 	 73.00 	 73.00 	 0.0000 	 0.68 
j3048_5 	 5 	 2 	 83.00 	 83.00 	 0.0000 	 2.65 
j3048_5 	 7 	 2 	 89.00 	 89.00 	 0.0000 	 3.21 
j3048_6 	 3 	 2 	 73.00 	 73.00 	 0.0000 	 0.96 
j3048_6 	 5 	 2 	 82.00 	 82.00 	 0.0000 	 0.91 
j3048_6 	 7 	 2 	 87.00 	 87.00 	 0.0000 	 1.01 
j3048_7 	 3 	 2 	 68.00 	 68.00 	 0.0000 	 1.31 
j3048_7 	 5 	 2 	 74.00 	 74.00 	 0.0000 	 1.43 
j3048_7 	 7 	 2 	 80.00 	 80.00 	 0.0000 	 2.32 
j3048_8 	 3 	 2 	 58.00 	 58.00 	 0.0000 	 0.64 
j3048_8 	 5 	 2 	 64.00 	 64.00 	 0.0000 	 0.81 
j3048_8 	 7 	 2 	 68.00 	 68.00 	 0.0000 	 1.86 
j3048_9 	 3 	 2 	 74.00 	 74.00 	 0.0000 	 0.74 
j3048_9 	 5 	 2 	 83.00 	 83.00 	 0.0000 	 0.98 
j3048_9 	 7 	 2 	 89.00 	 89.00 	 0.0000 	 1.08 
j3048_10 	 3 	 2 	 67.00 	 67.00 	 0.0000 	 0.68 
j3048_10 	 5 	 2 	 75.00 	 75.00 	 0.0000 	 1.17 
j3048_10 	 7 	 2 	 82.00 	 82.00 	 0.0000 	 1.01 
