instance 	 Gamma 	 status 	 objbound 	 objval 	 mipgap 	 runtime 
j301_1 	 3 	 2 	 56.00 	 56.00 	 0.0000 	 8.77 
j301_1 	 5 	 2 	 62.00 	 62.00 	 0.0000 	 10.59 
j301_1 	 7 	 2 	 65.00 	 65.00 	 0.0000 	 11.74 
j301_2 	 3 	 2 	 62.00 	 62.00 	 0.0000 	 6.90 
j301_2 	 5 	 2 	 68.00 	 68.00 	 0.0000 	 12.36 
j301_2 	 7 	 2 	 71.00 	 71.00 	 0.0000 	 10.78 
j301_3 	 3 	 2 	 60.00 	 60.00 	 0.0000 	 2.78 
j301_3 	 5 	 2 	 66.00 	 66.00 	 0.0000 	 2.61 
j301_3 	 7 	 2 	 69.00 	 69.00 	 0.0000 	 4.00 
j301_4 	 3 	 2 	 77.00 	 77.00 	 0.0000 	 6.68 
j301_4 	 5 	 2 	 87.00 	 87.00 	 0.0000 	 13.86 
j301_4 	 7 	 2 	 95.00 	 95.00 	 0.0000 	 22.93 
j301_5 	 3 	 2 	 50.00 	 50.00 	 0.0000 	 37.30 
j301_5 	 5 	 2 	 55.00 	 55.00 	 0.0000 	 53.40 
j301_5 	 7 	 2 	 58.00 	 58.00 	 0.0000 	 76.76 
j301_6 	 3 	 2 	 63.00 	 63.00 	 0.0000 	 4.46 
j301_6 	 5 	 2 	 70.00 	 70.00 	 0.0000 	 5.59 
j301_6 	 7 	 2 	 74.00 	 74.00 	 0.0000 	 15.11 
j301_7 	 3 	 2 	 73.00 	 73.00 	 0.0000 	 2.07 
j301_7 	 5 	 2 	 81.00 	 81.00 	 0.0000 	 3.02 
j301_7 	 7 	 2 	 88.00 	 88.00 	 0.0000 	 3.24 
j301_8 	 3 	 2 	 68.00 	 68.00 	 0.0000 	 5.43 
j301_8 	 5 	 2 	 75.00 	 75.00 	 0.0000 	 4.05 
j301_8 	 7 	 2 	 80.00 	 80.00 	 0.0000 	 15.17 
j301_9 	 3 	 2 	 62.00 	 62.00 	 0.0000 	 11.76 
j301_9 	 5 	 2 	 68.00 	 68.00 	 0.0000 	 25.35 
j301_9 	 7 	 2 	 73.00 	 73.00 	 0.0000 	 40.77 
j301_10 	 3 	 2 	 59.00 	 59.00 	 0.0000 	 5.65 
j301_10 	 5 	 2 	 65.00 	 65.00 	 0.0000 	 8.37 
j301_10 	 7 	 2 	 69.00 	 69.00 	 0.0000 	 12.07 
j302_1 	 3 	 2 	 50.00 	 50.00 	 0.0000 	 2.82 
j302_1 	 5 	 2 	 56.00 	 56.00 	 0.0000 	 6.59 
j302_1 	 7 	 2 	 59.00 	 59.00 	 0.0000 	 3.16 
j302_2 	 3 	 2 	 66.00 	 66.00 	 0.0000 	 2.45 
j302_2 	 5 	 2 	 75.00 	 75.00 	 0.0000 	 1.92 
j302_2 	 7 	 2 	 78.00 	 78.00 	 0.0000 	 3.63 
j302_3 	 3 	 2 	 58.00 	 58.00 	 0.0000 	 1.87 
j302_3 	 5 	 2 	 63.00 	 63.00 	 0.0000 	 1.96 
j302_3 	 7 	 2 	 65.00 	 65.00 	 0.0000 	 3.61 
j302_4 	 3 	 2 	 56.00 	 56.00 	 0.0000 	 1.20 
j302_4 	 5 	 2 	 63.00 	 63.00 	 0.0000 	 1.50 
j302_4 	 7 	 2 	 67.00 	 67.00 	 0.0000 	 1.98 
j302_5 	 3 	 2 	 66.00 	 66.00 	 0.0000 	 1.31 
j302_5 	 5 	 2 	 74.00 	 74.00 	 0.0000 	 1.51 
j302_5 	 7 	 2 	 78.00 	 78.00 	 0.0000 	 1.80 
j302_6 	 3 	 2 	 61.00 	 61.00 	 0.0000 	 1.63 
j302_6 	 5 	 2 	 68.00 	 68.00 	 0.0000 	 1.82 
j302_6 	 7 	 2 	 72.00 	 72.00 	 0.0000 	 1.97 
j302_7 	 3 	 2 	 59.00 	 59.00 	 0.0000 	 1.83 
j302_7 	 5 	 2 	 66.00 	 66.00 	 0.0000 	 1.30 
j302_7 	 7 	 2 	 71.00 	 71.00 	 0.0000 	 2.14 
j302_8 	 3 	 2 	 68.00 	 68.00 	 0.0000 	 22.08 
j302_8 	 5 	 2 	 74.00 	 74.00 	 0.0000 	 17.75 
j302_8 	 7 	 2 	 79.00 	 79.00 	 0.0000 	 30.29 
j302_9 	 3 	 2 	 68.00 	 68.00 	 0.0000 	 3.25 
j302_9 	 5 	 2 	 76.00 	 76.00 	 0.0000 	 6.89 
j302_9 	 7 	 2 	 82.00 	 82.00 	 0.0000 	 4.70 
j302_10 	 3 	 2 	 58.00 	 58.00 	 0.0000 	 2.89 
j302_10 	 5 	 2 	 65.00 	 65.00 	 0.0000 	 5.65 
j302_10 	 7 	 2 	 66.00 	 66.00 	 0.0000 	 3.35 
j303_1 	 3 	 2 	 87.00 	 87.00 	 0.0000 	 1.11 
j303_1 	 5 	 2 	 96.00 	 96.00 	 0.0000 	 1.00 
j303_1 	 7 	 2 	 104.00 	 104.00 	 0.0000 	 1.69 
j303_2 	 3 	 2 	 53.00 	 53.00 	 0.0000 	 2.67 
j303_2 	 5 	 2 	 60.00 	 60.00 	 0.0000 	 3.24 
j303_2 	 7 	 2 	 62.00 	 62.00 	 0.0000 	 3.40 
j303_3 	 3 	 2 	 72.00 	 72.00 	 0.0000 	 1.31 
j303_3 	 5 	 2 	 80.00 	 80.00 	 0.0000 	 1.12 
j303_3 	 7 	 2 	 85.00 	 85.00 	 0.0000 	 1.81 
j303_4 	 3 	 2 	 113.00 	 113.00 	 0.0000 	 1.03 
j303_4 	 5 	 2 	 123.00 	 123.00 	 0.0000 	 1.29 
j303_4 	 7 	 2 	 132.00 	 132.00 	 0.0000 	 2.11 
j303_5 	 3 	 2 	 68.00 	 68.00 	 0.0000 	 1.71 
j303_5 	 5 	 2 	 77.00 	 77.00 	 0.0000 	 1.68 
j303_5 	 7 	 2 	 81.00 	 81.00 	 0.0000 	 2.81 
j303_6 	 3 	 2 	 69.00 	 69.00 	 0.0000 	 1.04 
j303_6 	 5 	 2 	 77.00 	 77.00 	 0.0000 	 1.35 
j303_6 	 7 	 2 	 80.00 	 80.00 	 0.0000 	 1.74 
j303_7 	 3 	 2 	 62.00 	 62.00 	 0.0000 	 1.39 
j303_7 	 5 	 2 	 69.00 	 69.00 	 0.0000 	 1.77 
j303_7 	 7 	 2 	 72.00 	 72.00 	 0.0000 	 2.26 
j303_8 	 3 	 2 	 69.00 	 69.00 	 0.0000 	 1.34 
j303_8 	 5 	 2 	 76.00 	 76.00 	 0.0000 	 1.02 
j303_8 	 7 	 2 	 81.00 	 81.00 	 0.0000 	 1.88 
j303_9 	 3 	 2 	 80.00 	 80.00 	 0.0000 	 1.98 
j303_9 	 5 	 2 	 89.00 	 89.00 	 0.0000 	 2.23 
j303_9 	 7 	 2 	 96.00 	 96.00 	 0.0000 	 5.70 
j303_10 	 3 	 2 	 73.00 	 73.00 	 0.0000 	 1.17 
j303_10 	 5 	 2 	 81.00 	 81.00 	 0.0000 	 1.71 
j303_10 	 7 	 2 	 88.00 	 88.00 	 0.0000 	 3.49 
j304_1 	 3 	 2 	 62.00 	 62.00 	 0.0000 	 0.78 
j304_1 	 5 	 2 	 70.00 	 70.00 	 0.0000 	 1.29 
j304_1 	 7 	 2 	 75.00 	 75.00 	 0.0000 	 1.50 
j304_2 	 3 	 2 	 73.00 	 73.00 	 0.0000 	 0.71 
j304_2 	 5 	 2 	 80.00 	 80.00 	 0.0000 	 1.55 
j304_2 	 7 	 2 	 86.00 	 86.00 	 0.0000 	 1.06 
j304_3 	 3 	 2 	 61.00 	 61.00 	 0.0000 	 1.69 
j304_3 	 5 	 2 	 67.00 	 67.00 	 0.0000 	 1.59 
j304_3 	 7 	 2 	 72.00 	 72.00 	 0.0000 	 2.34 
j304_4 	 3 	 2 	 72.00 	 72.00 	 0.0000 	 0.44 
j304_4 	 5 	 2 	 80.00 	 80.00 	 0.0000 	 0.63 
j304_4 	 7 	 2 	 85.00 	 85.00 	 0.0000 	 0.81 
j304_5 	 3 	 2 	 74.00 	 74.00 	 0.0000 	 1.47 
j304_5 	 5 	 2 	 83.00 	 83.00 	 0.0000 	 1.86 
j304_5 	 7 	 2 	 88.00 	 88.00 	 0.0000 	 2.59 
j304_6 	 3 	 2 	 60.00 	 60.00 	 0.0000 	 1.24 
j304_6 	 5 	 2 	 68.00 	 68.00 	 0.0000 	 1.63 
j304_6 	 7 	 2 	 69.00 	 69.00 	 0.0000 	 1.64 
j304_7 	 3 	 2 	 69.00 	 69.00 	 0.0000 	 1.10 
j304_7 	 5 	 2 	 76.00 	 76.00 	 0.0000 	 1.49 
j304_7 	 7 	 2 	 82.00 	 82.00 	 0.0000 	 1.82 
j304_8 	 3 	 2 	 70.00 	 70.00 	 0.0000 	 0.81 
j304_8 	 5 	 2 	 77.00 	 77.00 	 0.0000 	 0.92 
j304_8 	 7 	 2 	 83.00 	 83.00 	 0.0000 	 1.16 
j304_9 	 3 	 2 	 51.00 	 51.00 	 0.0000 	 2.03 
j304_9 	 5 	 2 	 56.00 	 56.00 	 0.0000 	 1.65 
j304_9 	 7 	 2 	 58.00 	 58.00 	 0.0000 	 1.91 
j304_10 	 3 	 2 	 62.00 	 62.00 	 0.0000 	 0.99 
j304_10 	 5 	 2 	 70.00 	 70.00 	 0.0000 	 1.21 
j304_10 	 7 	 2 	 73.00 	 73.00 	 0.0000 	 2.36 
j305_1 	 3 	 9 	 65.00 	 66.00 	 0.0152 	 1200.03 
j305_1 	 5 	 9 	 68.00 	 73.00 	 0.0685 	 1200.04 
j305_1 	 7 	 9 	 71.00 	 78.00 	 0.0897 	 1200.04 
j305_2 	 3 	 9 	 87.00 	 97.00 	 0.1031 	 1200.04 
j305_2 	 5 	 9 	 91.00 	 105.00 	 0.1333 	 1200.03 
j305_2 	 7 	 9 	 100.00 	 114.00 	 0.1228 	 1200.03 
j305_3 	 3 	 9 	 78.00 	 99.00 	 0.2121 	 1200.02 
j305_3 	 5 	 9 	 82.00 	 110.00 	 0.2545 	 1200.04 
j305_3 	 7 	 9 	 90.00 	 117.00 	 0.2308 	 1200.04 
j305_4 	 3 	 9 	 64.00 	 80.00 	 0.2000 	 1200.01 
j305_4 	 5 	 9 	 75.00 	 87.00 	 0.1379 	 1200.04 
j305_4 	 7 	 9 	 82.00 	 93.00 	 0.1183 	 1200.08 
j305_5 	 3 	 9 	 80.00 	 92.00 	 0.1304 	 1200.03 
j305_5 	 5 	 9 	 92.00 	 101.00 	 0.0891 	 1200.03 
j305_5 	 7 	 2 	 106.00 	 106.00 	 0.0000 	 966.01 
j305_6 	 3 	 9 	 72.00 	 84.00 	 0.1429 	 1200.03 
j305_6 	 5 	 9 	 76.00 	 91.00 	 0.1648 	 1200.03 
j305_6 	 7 	 9 	 79.00 	 100.00 	 0.2100 	 1200.04 
j305_7 	 3 	 9 	 77.00 	 99.00 	 0.2222 	 1200.02 
j305_7 	 5 	 9 	 76.00 	 inf 	 inf 	 1200.02 
j305_7 	 7 	 9 	 82.00 	 125.00 	 0.3440 	 1200.01 
j305_8 	 3 	 9 	 71.00 	 85.00 	 0.1647 	 1200.02 
j305_8 	 5 	 9 	 78.00 	 95.00 	 0.1789 	 1200.03 
j305_8 	 7 	 9 	 85.00 	 100.00 	 0.1500 	 1200.03 
j305_9 	 3 	 2 	 64.00 	 64.00 	 0.0000 	 962.01 
j305_9 	 5 	 2 	 70.00 	 70.00 	 0.0000 	 761.37 
j305_9 	 7 	 2 	 74.00 	 74.00 	 0.0000 	 1179.46 
j305_10 	 3 	 2 	 85.00 	 85.00 	 0.0000 	 450.67 
j305_10 	 5 	 2 	 94.00 	 94.00 	 0.0000 	 419.69 
j305_10 	 7 	 2 	 101.00 	 101.00 	 0.0000 	 805.36 
j306_1 	 3 	 2 	 74.00 	 74.00 	 0.0000 	 230.45 
j306_1 	 5 	 2 	 82.00 	 82.00 	 0.0000 	 213.10 
j306_1 	 7 	 2 	 88.00 	 88.00 	 0.0000 	 329.72 
j306_2 	 3 	 9 	 65.00 	 66.00 	 0.0152 	 1200.03 
j306_2 	 5 	 2 	 73.00 	 73.00 	 0.0000 	 246.14 
j306_2 	 7 	 2 	 77.00 	 77.00 	 0.0000 	 362.33 
j306_3 	 3 	 2 	 61.00 	 61.00 	 0.0000 	 9.63 
j306_3 	 5 	 2 	 68.00 	 68.00 	 0.0000 	 16.71 
j306_3 	 7 	 2 	 73.00 	 73.00 	 0.0000 	 31.98 
j306_4 	 3 	 2 	 55.00 	 55.00 	 0.0000 	 90.52 
j306_4 	 5 	 2 	 62.00 	 62.00 	 0.0000 	 73.45 
j306_4 	 7 	 2 	 65.00 	 65.00 	 0.0000 	 358.40 
j306_5 	 3 	 2 	 82.00 	 82.00 	 0.0000 	 33.05 
j306_5 	 5 	 2 	 90.00 	 90.00 	 0.0000 	 37.30 
j306_5 	 7 	 2 	 98.00 	 98.00 	 0.0000 	 44.78 
j306_6 	 3 	 2 	 47.00 	 47.00 	 0.0000 	 8.79 
j306_6 	 5 	 2 	 52.00 	 52.00 	 0.0000 	 18.71 
j306_6 	 7 	 2 	 56.00 	 56.00 	 0.0000 	 22.32 
j306_7 	 3 	 2 	 60.00 	 60.00 	 0.0000 	 11.12 
j306_7 	 5 	 2 	 66.00 	 66.00 	 0.0000 	 21.60 
j306_7 	 7 	 2 	 70.00 	 70.00 	 0.0000 	 41.60 
j306_8 	 3 	 2 	 53.00 	 53.00 	 0.0000 	 40.49 
j306_8 	 5 	 2 	 59.00 	 59.00 	 0.0000 	 59.86 
j306_8 	 7 	 2 	 60.00 	 60.00 	 0.0000 	 66.34 
j306_9 	 3 	 2 	 64.00 	 64.00 	 0.0000 	 10.34 
j306_9 	 5 	 2 	 72.00 	 72.00 	 0.0000 	 14.04 
j306_9 	 7 	 2 	 77.00 	 77.00 	 0.0000 	 24.72 
j306_10 	 3 	 2 	 76.00 	 76.00 	 0.0000 	 32.59 
j306_10 	 5 	 2 	 84.00 	 84.00 	 0.0000 	 51.58 
j306_10 	 7 	 2 	 90.00 	 90.00 	 0.0000 	 62.27 
j307_1 	 3 	 2 	 70.00 	 70.00 	 0.0000 	 2.67 
j307_1 	 5 	 2 	 76.00 	 76.00 	 0.0000 	 2.09 
j307_1 	 7 	 2 	 81.00 	 81.00 	 0.0000 	 4.75 
j307_2 	 3 	 2 	 56.00 	 56.00 	 0.0000 	 3.71 
j307_2 	 5 	 2 	 62.00 	 62.00 	 0.0000 	 14.10 
j307_2 	 7 	 2 	 65.00 	 65.00 	 0.0000 	 18.99 
j307_3 	 3 	 2 	 55.00 	 55.00 	 0.0000 	 2.77 
j307_3 	 5 	 2 	 60.00 	 60.00 	 0.0000 	 4.42 
j307_3 	 7 	 2 	 63.00 	 63.00 	 0.0000 	 13.76 
j307_4 	 3 	 2 	 56.00 	 56.00 	 0.0000 	 3.79 
j307_4 	 5 	 2 	 62.00 	 62.00 	 0.0000 	 5.35 
j307_4 	 7 	 2 	 67.00 	 67.00 	 0.0000 	 12.43 
j307_5 	 3 	 2 	 58.00 	 58.00 	 0.0000 	 11.08 
j307_5 	 5 	 2 	 65.00 	 65.00 	 0.0000 	 16.02 
j307_5 	 7 	 2 	 68.00 	 68.00 	 0.0000 	 18.54 
j307_6 	 3 	 2 	 47.00 	 47.00 	 0.0000 	 2.87 
j307_6 	 5 	 2 	 52.00 	 52.00 	 0.0000 	 2.03 
j307_6 	 7 	 2 	 55.00 	 55.00 	 0.0000 	 3.02 
j307_7 	 3 	 2 	 65.00 	 65.00 	 0.0000 	 10.04 
j307_7 	 5 	 2 	 71.00 	 71.00 	 0.0000 	 9.53 
j307_7 	 7 	 2 	 75.00 	 75.00 	 0.0000 	 11.54 
j307_8 	 3 	 2 	 56.00 	 56.00 	 0.0000 	 5.39 
j307_8 	 5 	 2 	 63.00 	 63.00 	 0.0000 	 20.08 
j307_8 	 7 	 2 	 67.00 	 67.00 	 0.0000 	 14.53 
j307_9 	 3 	 2 	 75.00 	 75.00 	 0.0000 	 4.63 
j307_9 	 5 	 2 	 83.00 	 83.00 	 0.0000 	 13.79 
j307_9 	 7 	 2 	 88.00 	 88.00 	 0.0000 	 12.16 
j307_10 	 3 	 2 	 62.00 	 62.00 	 0.0000 	 16.46 
j307_10 	 5 	 2 	 68.00 	 68.00 	 0.0000 	 23.21 
j307_10 	 7 	 2 	 72.00 	 72.00 	 0.0000 	 38.35 
j308_1 	 3 	 2 	 59.00 	 59.00 	 0.0000 	 0.91 
j308_1 	 5 	 2 	 67.00 	 67.00 	 0.0000 	 1.07 
j308_1 	 7 	 2 	 68.00 	 68.00 	 0.0000 	 1.99 
j308_2 	 3 	 2 	 64.00 	 64.00 	 0.0000 	 0.94 
j308_2 	 5 	 2 	 71.00 	 71.00 	 0.0000 	 1.84 
j308_2 	 7 	 2 	 77.00 	 77.00 	 0.0000 	 1.92 
j308_3 	 3 	 2 	 66.00 	 66.00 	 0.0000 	 1.75 
j308_3 	 5 	 2 	 73.00 	 73.00 	 0.0000 	 1.43 
j308_3 	 7 	 2 	 79.00 	 79.00 	 0.0000 	 2.80 
j308_4 	 3 	 2 	 61.00 	 61.00 	 0.0000 	 1.89 
j308_4 	 5 	 2 	 68.00 	 68.00 	 0.0000 	 2.27 
j308_4 	 7 	 2 	 72.00 	 72.00 	 0.0000 	 3.37 
j308_5 	 3 	 2 	 73.00 	 73.00 	 0.0000 	 1.22 
j308_5 	 5 	 2 	 80.00 	 80.00 	 0.0000 	 1.61 
j308_5 	 7 	 2 	 85.00 	 85.00 	 0.0000 	 1.88 
j308_6 	 3 	 2 	 62.00 	 62.00 	 0.0000 	 1.58 
j308_6 	 5 	 2 	 68.00 	 68.00 	 0.0000 	 2.96 
j308_6 	 7 	 2 	 72.00 	 72.00 	 0.0000 	 1.56 
j308_7 	 3 	 2 	 53.00 	 53.00 	 0.0000 	 1.13 
j308_7 	 5 	 2 	 59.00 	 59.00 	 0.0000 	 2.44 
j308_7 	 7 	 2 	 62.00 	 62.00 	 0.0000 	 2.23 
j308_8 	 3 	 2 	 66.00 	 66.00 	 0.0000 	 1.92 
j308_8 	 5 	 2 	 73.00 	 73.00 	 0.0000 	 2.56 
j308_8 	 7 	 2 	 78.00 	 78.00 	 0.0000 	 2.67 
j308_9 	 3 	 2 	 51.00 	 51.00 	 0.0000 	 1.79 
j308_9 	 5 	 2 	 57.00 	 57.00 	 0.0000 	 2.61 
j308_9 	 7 	 2 	 60.00 	 60.00 	 0.0000 	 3.32 
j308_10 	 3 	 2 	 81.00 	 81.00 	 0.0000 	 1.33 
j308_10 	 5 	 2 	 89.00 	 89.00 	 0.0000 	 1.60 
j308_10 	 7 	 2 	 96.00 	 96.00 	 0.0000 	 4.66 
j309_1 	 3 	 9 	 73.00 	 105.00 	 0.3048 	 1200.03 
j309_1 	 5 	 9 	 77.00 	 111.00 	 0.3063 	 1200.03 
j309_1 	 7 	 9 	 86.00 	 123.00 	 0.3008 	 1200.12 
j309_2 	 3 	 9 	 61.00 	 111.00 	 0.4505 	 1200.03 
j309_2 	 5 	 9 	 67.00 	 121.00 	 0.4463 	 1200.02 
j309_2 	 7 	 9 	 71.00 	 inf 	 inf 	 1200.03 
j309_3 	 3 	 9 	 70.00 	 92.00 	 0.2391 	 1200.02 
j309_3 	 5 	 9 	 78.00 	 114.00 	 0.3158 	 1200.27 
j309_3 	 7 	 9 	 83.00 	 113.00 	 0.2655 	 1200.06 
j309_4 	 3 	 9 	 67.00 	 90.00 	 0.2556 	 1200.01 
j309_4 	 5 	 9 	 76.00 	 99.00 	 0.2323 	 1200.14 
j309_4 	 7 	 9 	 80.00 	 125.00 	 0.3600 	 1200.01 
j309_5 	 3 	 9 	 73.00 	 85.00 	 0.1412 	 1200.03 
j309_5 	 5 	 9 	 80.00 	 98.00 	 0.1837 	 1200.03 
j309_5 	 7 	 9 	 80.00 	 99.00 	 0.1919 	 1200.06 
j309_6 	 3 	 9 	 61.00 	 78.00 	 0.2179 	 1200.23 
j309_6 	 5 	 9 	 69.00 	 88.00 	 0.2159 	 1200.26 
j309_6 	 7 	 9 	 72.00 	 92.00 	 0.2174 	 1200.01 
j309_7 	 3 	 9 	 55.00 	 96.00 	 0.4271 	 1200.03 
j309_7 	 5 	 9 	 61.00 	 91.00 	 0.3297 	 1200.01 
j309_7 	 7 	 9 	 63.00 	 inf 	 inf 	 1200.02 
j309_8 	 3 	 9 	 76.00 	 inf 	 inf 	 1200.01 
j309_8 	 5 	 9 	 84.00 	 124.00 	 0.3226 	 1200.03 
j309_8 	 7 	 9 	 89.00 	 inf 	 inf 	 1200.15 
j309_9 	 3 	 9 	 54.00 	 inf 	 inf 	 1200.00 
j309_9 	 5 	 9 	 60.00 	 87.00 	 0.3103 	 1200.01 
j309_9 	 7 	 9 	 65.00 	 inf 	 inf 	 1200.02 
j309_10 	 3 	 9 	 77.00 	 109.00 	 0.2936 	 1200.03 
j309_10 	 5 	 9 	 85.00 	 113.00 	 0.2478 	 1200.03 
j309_10 	 7 	 9 	 92.00 	 134.00 	 0.3134 	 1200.03 
j3010_1 	 3 	 2 	 56.00 	 56.00 	 0.0000 	 18.98 
j3010_1 	 5 	 2 	 61.00 	 61.00 	 0.0000 	 29.43 
j3010_1 	 7 	 2 	 64.00 	 64.00 	 0.0000 	 30.27 
j3010_2 	 3 	 2 	 70.00 	 70.00 	 0.0000 	 331.20 
j3010_2 	 5 	 2 	 78.00 	 78.00 	 0.0000 	 381.10 
j3010_2 	 7 	 2 	 83.00 	 83.00 	 0.0000 	 264.99 
j3010_3 	 3 	 9 	 76.00 	 78.00 	 0.0256 	 1200.03 
j3010_3 	 5 	 9 	 85.00 	 86.00 	 0.0116 	 1200.03 
j3010_3 	 7 	 9 	 92.00 	 93.00 	 0.0108 	 1200.03 
j3010_4 	 3 	 2 	 73.00 	 73.00 	 0.0000 	 650.48 
j3010_4 	 5 	 2 	 81.00 	 81.00 	 0.0000 	 599.33 
j3010_4 	 7 	 2 	 86.00 	 86.00 	 0.0000 	 1035.02 
j3010_5 	 3 	 2 	 54.00 	 54.00 	 0.0000 	 214.01 
j3010_5 	 5 	 2 	 60.00 	 60.00 	 0.0000 	 235.16 
j3010_5 	 7 	 9 	 63.00 	 64.00 	 0.0156 	 1200.03 
j3010_6 	 3 	 9 	 53.00 	 59.00 	 0.1017 	 1200.04 
j3010_6 	 5 	 9 	 59.00 	 64.00 	 0.0781 	 1200.03 
j3010_6 	 7 	 9 	 62.00 	 67.00 	 0.0746 	 1200.03 
j3010_7 	 3 	 2 	 63.00 	 63.00 	 0.0000 	 40.24 
j3010_7 	 5 	 2 	 71.00 	 71.00 	 0.0000 	 46.07 
j3010_7 	 7 	 2 	 76.00 	 76.00 	 0.0000 	 65.08 
j3010_8 	 3 	 9 	 63.00 	 68.00 	 0.0735 	 1200.02 
j3010_8 	 5 	 9 	 71.00 	 76.00 	 0.0658 	 1200.03 
j3010_8 	 7 	 9 	 77.00 	 81.00 	 0.0494 	 1200.03 
j3010_9 	 3 	 2 	 64.00 	 64.00 	 0.0000 	 4.43 
j3010_9 	 5 	 2 	 72.00 	 72.00 	 0.0000 	 4.42 
j3010_9 	 7 	 2 	 75.00 	 75.00 	 0.0000 	 15.32 
j3010_10 	 3 	 2 	 54.00 	 54.00 	 0.0000 	 209.70 
j3010_10 	 5 	 2 	 60.00 	 60.00 	 0.0000 	 706.16 
j3010_10 	 7 	 2 	 63.00 	 63.00 	 0.0000 	 178.66 
j3011_1 	 3 	 2 	 68.00 	 68.00 	 0.0000 	 22.91 
j3011_1 	 5 	 2 	 75.00 	 75.00 	 0.0000 	 13.76 
j3011_1 	 7 	 2 	 80.00 	 80.00 	 0.0000 	 31.50 
j3011_2 	 3 	 2 	 71.00 	 71.00 	 0.0000 	 8.47 
j3011_2 	 5 	 2 	 79.00 	 79.00 	 0.0000 	 7.42 
j3011_2 	 7 	 2 	 84.00 	 84.00 	 0.0000 	 26.33 
j3011_3 	 3 	 2 	 96.00 	 96.00 	 0.0000 	 1.26 
j3011_3 	 5 	 2 	 104.00 	 104.00 	 0.0000 	 2.30 
j3011_3 	 7 	 2 	 112.00 	 112.00 	 0.0000 	 2.92 
j3011_4 	 3 	 2 	 78.00 	 78.00 	 0.0000 	 28.98 
j3011_4 	 5 	 2 	 86.00 	 86.00 	 0.0000 	 38.71 
j3011_4 	 7 	 2 	 94.00 	 94.00 	 0.0000 	 47.37 
j3011_5 	 3 	 2 	 63.00 	 63.00 	 0.0000 	 87.87 
j3011_5 	 5 	 2 	 70.00 	 70.00 	 0.0000 	 1101.34 
j3011_5 	 7 	 9 	 74.00 	 75.00 	 0.0133 	 1200.04 
j3011_6 	 3 	 2 	 56.00 	 56.00 	 0.0000 	 10.45 
j3011_6 	 5 	 2 	 62.00 	 62.00 	 0.0000 	 22.60 
j3011_6 	 7 	 2 	 66.00 	 66.00 	 0.0000 	 22.70 
j3011_7 	 3 	 2 	 49.00 	 49.00 	 0.0000 	 14.19 
j3011_7 	 5 	 2 	 54.00 	 54.00 	 0.0000 	 250.07 
j3011_7 	 7 	 2 	 55.00 	 55.00 	 0.0000 	 68.45 
j3011_8 	 3 	 2 	 77.00 	 77.00 	 0.0000 	 14.36 
j3011_8 	 5 	 2 	 85.00 	 85.00 	 0.0000 	 33.26 
j3011_8 	 7 	 2 	 92.00 	 92.00 	 0.0000 	 34.63 
j3011_9 	 3 	 2 	 82.00 	 82.00 	 0.0000 	 4.72 
j3011_9 	 5 	 2 	 91.00 	 91.00 	 0.0000 	 3.91 
j3011_9 	 7 	 2 	 98.00 	 98.00 	 0.0000 	 9.29 
j3011_10 	 3 	 2 	 50.00 	 50.00 	 0.0000 	 4.13 
j3011_10 	 5 	 2 	 56.00 	 56.00 	 0.0000 	 8.56 
j3011_10 	 7 	 2 	 59.00 	 59.00 	 0.0000 	 6.46 
j3012_1 	 3 	 2 	 61.00 	 61.00 	 0.0000 	 2.49 
j3012_1 	 5 	 2 	 69.00 	 69.00 	 0.0000 	 2.41 
j3012_1 	 7 	 2 	 72.00 	 72.00 	 0.0000 	 2.79 
j3012_2 	 3 	 2 	 60.00 	 60.00 	 0.0000 	 3.19 
j3012_2 	 5 	 2 	 68.00 	 68.00 	 0.0000 	 2.18 
j3012_2 	 7 	 2 	 71.00 	 71.00 	 0.0000 	 7.10 
j3012_3 	 3 	 2 	 49.00 	 49.00 	 0.0000 	 2.03 
j3012_3 	 5 	 2 	 55.00 	 55.00 	 0.0000 	 1.66 
j3012_3 	 7 	 2 	 57.00 	 57.00 	 0.0000 	 1.38 
j3012_4 	 3 	 2 	 78.00 	 78.00 	 0.0000 	 1.44 
j3012_4 	 5 	 2 	 87.00 	 87.00 	 0.0000 	 1.33 
j3012_4 	 7 	 2 	 93.00 	 93.00 	 0.0000 	 1.80 
j3012_5 	 3 	 2 	 62.00 	 62.00 	 0.0000 	 1.28 
j3012_5 	 5 	 2 	 69.00 	 69.00 	 0.0000 	 1.82 
j3012_5 	 7 	 2 	 72.00 	 72.00 	 0.0000 	 1.55 
j3012_6 	 3 	 2 	 68.00 	 68.00 	 0.0000 	 2.33 
j3012_6 	 5 	 2 	 74.00 	 74.00 	 0.0000 	 5.12 
j3012_6 	 7 	 2 	 79.00 	 79.00 	 0.0000 	 9.92 
j3012_7 	 3 	 2 	 70.00 	 70.00 	 0.0000 	 1.86 
j3012_7 	 5 	 2 	 78.00 	 78.00 	 0.0000 	 2.03 
j3012_7 	 7 	 2 	 82.00 	 82.00 	 0.0000 	 2.40 
j3012_8 	 3 	 2 	 49.00 	 49.00 	 0.0000 	 1.77 
j3012_8 	 5 	 2 	 53.00 	 53.00 	 0.0000 	 1.94 
j3012_8 	 7 	 2 	 54.00 	 54.00 	 0.0000 	 3.73 
j3012_9 	 3 	 2 	 67.00 	 67.00 	 0.0000 	 1.85 
j3012_9 	 5 	 2 	 75.00 	 75.00 	 0.0000 	 3.68 
j3012_9 	 7 	 2 	 80.00 	 80.00 	 0.0000 	 3.07 
j3012_10 	 3 	 2 	 71.00 	 71.00 	 0.0000 	 1.05 
j3012_10 	 5 	 2 	 79.00 	 79.00 	 0.0000 	 2.07 
j3012_10 	 7 	 2 	 86.00 	 86.00 	 0.0000 	 2.21 
j3013_1 	 3 	 9 	 49.00 	 83.00 	 0.4096 	 1200.27 
j3013_1 	 5 	 9 	 53.00 	 102.00 	 0.4804 	 1200.03 
j3013_1 	 7 	 9 	 55.00 	 102.00 	 0.4608 	 1200.02 
j3013_2 	 3 	 9 	 48.00 	 91.00 	 0.4725 	 1200.03 
j3013_2 	 5 	 9 	 53.00 	 inf 	 inf 	 1200.02 
j3013_2 	 7 	 9 	 57.00 	 inf 	 inf 	 1200.14 
j3013_3 	 3 	 9 	 60.00 	 118.00 	 0.4915 	 1200.02 
j3013_3 	 5 	 9 	 65.00 	 134.00 	 0.5149 	 1200.04 
j3013_3 	 7 	 9 	 69.00 	 inf 	 inf 	 1200.03 
j3013_4 	 3 	 9 	 63.00 	 89.00 	 0.2921 	 1200.02 
j3013_4 	 5 	 9 	 69.00 	 108.00 	 0.3611 	 1200.17 
j3013_4 	 7 	 9 	 74.00 	 114.00 	 0.3509 	 1200.01 
j3013_5 	 3 	 9 	 57.00 	 93.00 	 0.3871 	 1200.18 
j3013_5 	 5 	 9 	 63.00 	 95.00 	 0.3368 	 1200.01 
j3013_5 	 7 	 9 	 66.00 	 112.00 	 0.4107 	 1200.02 
j3013_6 	 3 	 9 	 57.00 	 85.00 	 0.3294 	 1200.02 
j3013_6 	 5 	 9 	 64.00 	 93.00 	 0.3118 	 1200.02 
j3013_6 	 7 	 9 	 67.00 	 108.00 	 0.3796 	 1200.01 
j3013_7 	 3 	 9 	 63.00 	 99.00 	 0.3636 	 1200.02 
j3013_7 	 5 	 9 	 69.00 	 110.00 	 0.3727 	 1200.17 
j3013_7 	 7 	 9 	 74.00 	 inf 	 inf 	 1200.01 
j3013_8 	 3 	 9 	 72.00 	 137.00 	 0.4745 	 1200.04 
j3013_8 	 5 	 9 	 84.00 	 inf 	 inf 	 1200.01 
j3013_8 	 7 	 9 	 88.00 	 inf 	 inf 	 1200.03 
j3013_9 	 3 	 9 	 65.00 	 93.00 	 0.3011 	 1200.04 
j3013_9 	 5 	 9 	 72.00 	 108.00 	 0.3333 	 1200.30 
j3013_9 	 7 	 9 	 75.00 	 inf 	 inf 	 1200.02 
j3013_10 	 3 	 9 	 66.00 	 86.00 	 0.2326 	 1200.08 
j3013_10 	 5 	 9 	 74.00 	 93.00 	 0.2043 	 1200.01 
j3013_10 	 7 	 9 	 78.00 	 98.00 	 0.2041 	 1200.04 
j3014_1 	 3 	 2 	 63.00 	 63.00 	 0.0000 	 405.26 
j3014_1 	 5 	 9 	 69.00 	 70.00 	 0.0143 	 1200.03 
j3014_1 	 7 	 9 	 71.00 	 74.00 	 0.0405 	 1200.07 
j3014_2 	 3 	 9 	 61.00 	 71.00 	 0.1408 	 1200.03 
j3014_2 	 5 	 9 	 68.00 	 77.00 	 0.1169 	 1200.23 
j3014_2 	 7 	 9 	 71.00 	 83.00 	 0.1446 	 1200.30 
j3014_3 	 3 	 9 	 73.00 	 74.00 	 0.0135 	 1200.03 
j3014_3 	 5 	 2 	 81.00 	 81.00 	 0.0000 	 540.61 
j3014_3 	 7 	 2 	 88.00 	 88.00 	 0.0000 	 237.34 
j3014_4 	 3 	 2 	 62.00 	 62.00 	 0.0000 	 472.85 
j3014_4 	 5 	 9 	 67.00 	 69.00 	 0.0290 	 1200.05 
j3014_4 	 7 	 9 	 68.00 	 74.00 	 0.0811 	 1200.16 
j3014_5 	 3 	 9 	 66.00 	 67.00 	 0.0149 	 1200.05 
j3014_5 	 5 	 9 	 73.00 	 74.00 	 0.0135 	 1200.10 
j3014_5 	 7 	 2 	 78.00 	 78.00 	 0.0000 	 1174.50 
j3014_6 	 3 	 9 	 44.00 	 46.00 	 0.0435 	 1200.03 
j3014_6 	 5 	 2 	 50.00 	 50.00 	 0.0000 	 608.61 
j3014_6 	 7 	 2 	 54.00 	 54.00 	 0.0000 	 942.04 
j3014_7 	 3 	 9 	 60.00 	 65.00 	 0.0769 	 1200.04 
j3014_7 	 5 	 9 	 66.00 	 72.00 	 0.0833 	 1200.04 
j3014_7 	 7 	 9 	 71.00 	 76.00 	 0.0658 	 1200.05 
j3014_8 	 3 	 2 	 69.00 	 69.00 	 0.0000 	 27.13 
j3014_8 	 5 	 2 	 77.00 	 77.00 	 0.0000 	 19.73 
j3014_8 	 7 	 2 	 82.00 	 82.00 	 0.0000 	 71.12 
j3014_9 	 3 	 9 	 58.00 	 62.00 	 0.0645 	 1200.04 
j3014_9 	 5 	 9 	 64.00 	 67.00 	 0.0448 	 1200.05 
j3014_9 	 7 	 9 	 67.00 	 71.00 	 0.0563 	 1200.05 
j3014_10 	 3 	 9 	 74.00 	 75.00 	 0.0133 	 1200.04 
j3014_10 	 5 	 2 	 82.00 	 82.00 	 0.0000 	 105.32 
j3014_10 	 7 	 2 	 90.00 	 90.00 	 0.0000 	 154.83 
j3015_1 	 3 	 2 	 61.00 	 61.00 	 0.0000 	 14.77 
j3015_1 	 5 	 2 	 66.00 	 66.00 	 0.0000 	 17.34 
j3015_1 	 7 	 2 	 69.00 	 69.00 	 0.0000 	 54.16 
j3015_2 	 3 	 2 	 61.00 	 61.00 	 0.0000 	 4.14 
j3015_2 	 5 	 2 	 67.00 	 67.00 	 0.0000 	 8.50 
j3015_2 	 7 	 2 	 70.00 	 70.00 	 0.0000 	 7.31 
j3015_3 	 3 	 2 	 63.00 	 63.00 	 0.0000 	 6.02 
j3015_3 	 5 	 2 	 69.00 	 69.00 	 0.0000 	 17.24 
j3015_3 	 7 	 2 	 71.00 	 71.00 	 0.0000 	 23.84 
j3015_4 	 3 	 2 	 62.00 	 62.00 	 0.0000 	 2.33 
j3015_4 	 5 	 2 	 70.00 	 70.00 	 0.0000 	 5.63 
j3015_4 	 7 	 2 	 74.00 	 74.00 	 0.0000 	 8.40 
j3015_5 	 3 	 9 	 71.00 	 74.00 	 0.0405 	 1200.04 
j3015_5 	 5 	 9 	 79.00 	 81.00 	 0.0247 	 1200.03 
j3015_5 	 7 	 9 	 84.00 	 87.00 	 0.0345 	 1200.04 
j3015_6 	 3 	 2 	 82.00 	 82.00 	 0.0000 	 15.21 
j3015_6 	 5 	 2 	 90.00 	 90.00 	 0.0000 	 21.85 
j3015_6 	 7 	 2 	 98.00 	 98.00 	 0.0000 	 26.40 
j3015_7 	 3 	 2 	 60.00 	 60.00 	 0.0000 	 5.34 
j3015_7 	 5 	 2 	 66.00 	 66.00 	 0.0000 	 18.28 
j3015_7 	 7 	 2 	 71.00 	 71.00 	 0.0000 	 29.81 
j3015_8 	 3 	 2 	 65.00 	 65.00 	 0.0000 	 32.97 
j3015_8 	 5 	 2 	 72.00 	 72.00 	 0.0000 	 66.01 
j3015_8 	 7 	 2 	 76.00 	 76.00 	 0.0000 	 46.25 
j3015_9 	 3 	 2 	 67.00 	 67.00 	 0.0000 	 40.78 
j3015_9 	 5 	 2 	 73.00 	 73.00 	 0.0000 	 42.46 
j3015_9 	 7 	 2 	 79.00 	 79.00 	 0.0000 	 31.92 
j3015_10 	 3 	 2 	 80.00 	 80.00 	 0.0000 	 3.80 
j3015_10 	 5 	 2 	 88.00 	 88.00 	 0.0000 	 3.14 
j3015_10 	 7 	 2 	 94.00 	 94.00 	 0.0000 	 8.19 
j3016_1 	 3 	 2 	 64.00 	 64.00 	 0.0000 	 2.36 
j3016_1 	 5 	 2 	 72.00 	 72.00 	 0.0000 	 5.71 
j3016_1 	 7 	 2 	 77.00 	 77.00 	 0.0000 	 8.23 
j3016_2 	 3 	 2 	 62.00 	 62.00 	 0.0000 	 2.21 
j3016_2 	 5 	 2 	 69.00 	 69.00 	 0.0000 	 3.57 
j3016_2 	 7 	 2 	 73.00 	 73.00 	 0.0000 	 3.45 
j3016_3 	 3 	 2 	 49.00 	 49.00 	 0.0000 	 2.04 
j3016_3 	 5 	 2 	 53.00 	 53.00 	 0.0000 	 1.62 
j3016_3 	 7 	 2 	 56.00 	 56.00 	 0.0000 	 2.30 
j3016_4 	 3 	 2 	 62.00 	 62.00 	 0.0000 	 1.52 
j3016_4 	 5 	 2 	 68.00 	 68.00 	 0.0000 	 1.60 
j3016_4 	 7 	 2 	 71.00 	 71.00 	 0.0000 	 2.12 
j3016_5 	 3 	 2 	 66.00 	 66.00 	 0.0000 	 1.88 
j3016_5 	 5 	 2 	 74.00 	 74.00 	 0.0000 	 1.64 
j3016_5 	 7 	 2 	 78.00 	 78.00 	 0.0000 	 2.42 
j3016_6 	 3 	 2 	 64.00 	 64.00 	 0.0000 	 2.19 
j3016_6 	 5 	 2 	 72.00 	 72.00 	 0.0000 	 2.86 
j3016_6 	 7 	 2 	 79.00 	 79.00 	 0.0000 	 3.91 
j3016_7 	 3 	 2 	 47.00 	 47.00 	 0.0000 	 1.78 
j3016_7 	 5 	 2 	 51.00 	 51.00 	 0.0000 	 2.14 
j3016_7 	 7 	 2 	 53.00 	 53.00 	 0.0000 	 4.24 
j3016_8 	 3 	 2 	 58.00 	 58.00 	 0.0000 	 1.88 
j3016_8 	 5 	 2 	 64.00 	 64.00 	 0.0000 	 3.13 
j3016_8 	 7 	 2 	 67.00 	 67.00 	 0.0000 	 2.83 
j3016_9 	 3 	 2 	 59.00 	 59.00 	 0.0000 	 2.12 
j3016_9 	 5 	 2 	 65.00 	 65.00 	 0.0000 	 2.83 
j3016_9 	 7 	 2 	 68.00 	 68.00 	 0.0000 	 2.73 
j3016_10 	 3 	 2 	 65.00 	 65.00 	 0.0000 	 2.54 
j3016_10 	 5 	 2 	 72.00 	 72.00 	 0.0000 	 3.00 
j3016_10 	 7 	 2 	 77.00 	 77.00 	 0.0000 	 14.39 
j3017_1 	 3 	 2 	 78.00 	 78.00 	 0.0000 	 23.01 
j3017_1 	 5 	 2 	 86.00 	 86.00 	 0.0000 	 51.82 
j3017_1 	 7 	 2 	 92.00 	 92.00 	 0.0000 	 16.65 
j3017_2 	 3 	 2 	 83.00 	 83.00 	 0.0000 	 1.07 
j3017_2 	 5 	 2 	 91.00 	 91.00 	 0.0000 	 1.88 
j3017_2 	 7 	 2 	 99.00 	 99.00 	 0.0000 	 2.53 
j3017_3 	 3 	 2 	 75.00 	 75.00 	 0.0000 	 1.91 
j3017_3 	 5 	 2 	 83.00 	 83.00 	 0.0000 	 2.55 
j3017_3 	 7 	 2 	 90.00 	 90.00 	 0.0000 	 2.39 
j3017_4 	 3 	 2 	 63.00 	 63.00 	 0.0000 	 9.42 
j3017_4 	 5 	 2 	 71.00 	 71.00 	 0.0000 	 18.85 
j3017_4 	 7 	 2 	 74.00 	 74.00 	 0.0000 	 51.17 
j3017_5 	 3 	 2 	 60.00 	 60.00 	 0.0000 	 14.62 
j3017_5 	 5 	 2 	 66.00 	 66.00 	 0.0000 	 16.03 
j3017_5 	 7 	 2 	 70.00 	 70.00 	 0.0000 	 31.46 
j3017_6 	 3 	 2 	 77.00 	 77.00 	 0.0000 	 1.52 
j3017_6 	 5 	 2 	 86.00 	 86.00 	 0.0000 	 1.78 
j3017_6 	 7 	 2 	 91.00 	 91.00 	 0.0000 	 5.02 
j3017_7 	 3 	 2 	 72.00 	 72.00 	 0.0000 	 2.35 
j3017_7 	 5 	 2 	 79.00 	 79.00 	 0.0000 	 10.15 
j3017_7 	 7 	 2 	 85.00 	 85.00 	 0.0000 	 12.75 
j3017_8 	 3 	 2 	 76.00 	 76.00 	 0.0000 	 5.51 
j3017_8 	 5 	 2 	 85.00 	 85.00 	 0.0000 	 16.60 
j3017_8 	 7 	 2 	 92.00 	 92.00 	 0.0000 	 7.56 
j3017_9 	 3 	 2 	 61.00 	 61.00 	 0.0000 	 4.95 
j3017_9 	 5 	 2 	 67.00 	 67.00 	 0.0000 	 11.54 
j3017_9 	 7 	 2 	 71.00 	 71.00 	 0.0000 	 17.07 
j3017_10 	 3 	 2 	 81.00 	 81.00 	 0.0000 	 1.76 
j3017_10 	 5 	 2 	 91.00 	 91.00 	 0.0000 	 2.24 
j3017_10 	 7 	 2 	 98.00 	 98.00 	 0.0000 	 5.58 
j3018_1 	 3 	 2 	 68.00 	 68.00 	 0.0000 	 2.15 
j3018_1 	 5 	 2 	 76.00 	 76.00 	 0.0000 	 3.80 
j3018_1 	 7 	 2 	 81.00 	 81.00 	 0.0000 	 1.99 
j3018_2 	 3 	 2 	 69.00 	 69.00 	 0.0000 	 1.77 
j3018_2 	 5 	 2 	 75.00 	 75.00 	 0.0000 	 2.49 
j3018_2 	 7 	 2 	 80.00 	 80.00 	 0.0000 	 2.27 
j3018_3 	 3 	 2 	 69.00 	 69.00 	 0.0000 	 1.23 
j3018_3 	 5 	 2 	 76.00 	 76.00 	 0.0000 	 1.80 
j3018_3 	 7 	 2 	 82.00 	 82.00 	 0.0000 	 2.31 
j3018_4 	 3 	 2 	 85.00 	 85.00 	 0.0000 	 1.09 
j3018_4 	 5 	 2 	 94.00 	 94.00 	 0.0000 	 1.64 
j3018_4 	 7 	 2 	 102.00 	 102.00 	 0.0000 	 1.98 
j3018_5 	 3 	 2 	 66.00 	 66.00 	 0.0000 	 1.40 
j3018_5 	 5 	 2 	 73.00 	 73.00 	 0.0000 	 1.92 
j3018_5 	 7 	 2 	 78.00 	 78.00 	 0.0000 	 2.38 
j3018_6 	 3 	 2 	 77.00 	 77.00 	 0.0000 	 4.21 
j3018_6 	 5 	 2 	 85.00 	 85.00 	 0.0000 	 9.49 
j3018_6 	 7 	 2 	 91.00 	 91.00 	 0.0000 	 8.26 
j3018_7 	 3 	 2 	 61.00 	 61.00 	 0.0000 	 1.09 
j3018_7 	 5 	 2 	 68.00 	 68.00 	 0.0000 	 1.76 
j3018_7 	 7 	 2 	 74.00 	 74.00 	 0.0000 	 2.42 
j3018_8 	 3 	 2 	 67.00 	 67.00 	 0.0000 	 1.46 
j3018_8 	 5 	 2 	 75.00 	 75.00 	 0.0000 	 1.96 
j3018_8 	 7 	 2 	 79.00 	 79.00 	 0.0000 	 2.22 
j3018_9 	 3 	 2 	 62.00 	 62.00 	 0.0000 	 1.41 
j3018_9 	 5 	 2 	 70.00 	 70.00 	 0.0000 	 1.94 
j3018_9 	 7 	 2 	 73.00 	 73.00 	 0.0000 	 2.75 
j3018_10 	 3 	 2 	 61.00 	 61.00 	 0.0000 	 4.18 
j3018_10 	 5 	 2 	 67.00 	 67.00 	 0.0000 	 4.67 
j3018_10 	 7 	 2 	 71.00 	 71.00 	 0.0000 	 6.68 
j3019_1 	 3 	 2 	 52.00 	 52.00 	 0.0000 	 2.56 
j3019_1 	 5 	 2 	 57.00 	 57.00 	 0.0000 	 4.06 
j3019_1 	 7 	 2 	 61.00 	 61.00 	 0.0000 	 3.47 
j3019_2 	 3 	 2 	 73.00 	 73.00 	 0.0000 	 0.90 
j3019_2 	 5 	 2 	 80.00 	 80.00 	 0.0000 	 1.03 
j3019_2 	 7 	 2 	 86.00 	 86.00 	 0.0000 	 1.79 
j3019_3 	 3 	 2 	 98.00 	 98.00 	 0.0000 	 1.11 
j3019_3 	 5 	 2 	 107.00 	 107.00 	 0.0000 	 2.14 
j3019_3 	 7 	 2 	 115.00 	 115.00 	 0.0000 	 2.15 
j3019_4 	 3 	 2 	 54.00 	 54.00 	 0.0000 	 1.85 
j3019_4 	 5 	 2 	 59.00 	 59.00 	 0.0000 	 2.69 
j3019_4 	 7 	 2 	 60.00 	 60.00 	 0.0000 	 2.96 
j3019_5 	 3 	 2 	 62.00 	 62.00 	 0.0000 	 0.95 
j3019_5 	 5 	 2 	 68.00 	 68.00 	 0.0000 	 2.13 
j3019_5 	 7 	 2 	 73.00 	 73.00 	 0.0000 	 2.02 
j3019_6 	 3 	 2 	 64.00 	 64.00 	 0.0000 	 0.99 
j3019_6 	 5 	 2 	 71.00 	 71.00 	 0.0000 	 1.45 
j3019_6 	 7 	 2 	 75.00 	 75.00 	 0.0000 	 2.01 
j3019_7 	 3 	 2 	 72.00 	 72.00 	 0.0000 	 1.39 
j3019_7 	 5 	 2 	 81.00 	 81.00 	 0.0000 	 2.06 
j3019_7 	 7 	 2 	 86.00 	 86.00 	 0.0000 	 4.08 
j3019_8 	 3 	 2 	 70.00 	 70.00 	 0.0000 	 1.45 
j3019_8 	 5 	 2 	 78.00 	 78.00 	 0.0000 	 1.82 
j3019_8 	 7 	 2 	 84.00 	 84.00 	 0.0000 	 2.16 
j3019_9 	 3 	 2 	 51.00 	 51.00 	 0.0000 	 2.27 
j3019_9 	 5 	 2 	 57.00 	 57.00 	 0.0000 	 2.13 
j3019_9 	 7 	 2 	 59.00 	 59.00 	 0.0000 	 4.11 
j3019_10 	 3 	 2 	 61.00 	 61.00 	 0.0000 	 1.72 
j3019_10 	 5 	 2 	 67.00 	 67.00 	 0.0000 	 2.76 
j3019_10 	 7 	 2 	 71.00 	 71.00 	 0.0000 	 2.64 
j3020_1 	 3 	 2 	 72.00 	 72.00 	 0.0000 	 0.93 
j3020_1 	 5 	 2 	 79.00 	 79.00 	 0.0000 	 1.30 
j3020_1 	 7 	 2 	 85.00 	 85.00 	 0.0000 	 1.34 
j3020_2 	 3 	 2 	 85.00 	 85.00 	 0.0000 	 0.92 
j3020_2 	 5 	 2 	 94.00 	 94.00 	 0.0000 	 1.69 
j3020_2 	 7 	 2 	 102.00 	 102.00 	 0.0000 	 2.52 
j3020_3 	 3 	 2 	 64.00 	 64.00 	 0.0000 	 1.28 
j3020_3 	 5 	 2 	 73.00 	 73.00 	 0.0000 	 0.88 
j3020_3 	 7 	 2 	 75.00 	 75.00 	 0.0000 	 1.06 
j3020_4 	 3 	 2 	 58.00 	 58.00 	 0.0000 	 1.61 
j3020_4 	 5 	 2 	 67.00 	 67.00 	 0.0000 	 1.30 
j3020_4 	 7 	 2 	 67.00 	 67.00 	 0.0000 	 2.48 
j3020_5 	 3 	 2 	 75.00 	 75.00 	 0.0000 	 1.39 
j3020_5 	 5 	 2 	 83.00 	 83.00 	 0.0000 	 1.59 
j3020_5 	 7 	 2 	 89.00 	 89.00 	 0.0000 	 2.30 
j3020_6 	 3 	 2 	 66.00 	 66.00 	 0.0000 	 0.95 
j3020_6 	 5 	 2 	 73.00 	 73.00 	 0.0000 	 1.89 
j3020_6 	 7 	 2 	 77.00 	 77.00 	 0.0000 	 1.91 
j3020_7 	 3 	 2 	 56.00 	 56.00 	 0.0000 	 1.39 
j3020_7 	 5 	 2 	 62.00 	 62.00 	 0.0000 	 1.96 
j3020_7 	 7 	 2 	 64.00 	 64.00 	 0.0000 	 2.42 
j3020_8 	 3 	 2 	 65.00 	 65.00 	 0.0000 	 1.04 
j3020_8 	 5 	 2 	 71.00 	 71.00 	 0.0000 	 1.22 
j3020_8 	 7 	 2 	 75.00 	 75.00 	 0.0000 	 1.54 
j3020_9 	 3 	 2 	 56.00 	 56.00 	 0.0000 	 0.90 
j3020_9 	 5 	 2 	 62.00 	 62.00 	 0.0000 	 1.04 
j3020_9 	 7 	 2 	 64.00 	 64.00 	 0.0000 	 1.41 
j3020_10 	 3 	 2 	 51.00 	 51.00 	 0.0000 	 0.85 
j3020_10 	 5 	 2 	 55.00 	 55.00 	 0.0000 	 1.17 
j3020_10 	 7 	 2 	 57.00 	 57.00 	 0.0000 	 1.47 
j3021_1 	 3 	 2 	 99.00 	 99.00 	 0.0000 	 123.75 
j3021_1 	 5 	 2 	 108.00 	 108.00 	 0.0000 	 317.11 
j3021_1 	 7 	 2 	 116.00 	 116.00 	 0.0000 	 659.19 
j3021_2 	 3 	 2 	 72.00 	 72.00 	 0.0000 	 132.78 
j3021_2 	 5 	 2 	 80.00 	 80.00 	 0.0000 	 331.93 
j3021_2 	 7 	 2 	 85.00 	 85.00 	 0.0000 	 500.40 
j3021_3 	 3 	 9 	 84.00 	 91.00 	 0.0769 	 1200.05 
j3021_3 	 5 	 9 	 88.00 	 100.00 	 0.1200 	 1200.04 
j3021_3 	 7 	 9 	 91.00 	 104.00 	 0.1250 	 1200.06 
j3021_4 	 3 	 9 	 82.00 	 83.00 	 0.0120 	 1200.06 
j3021_4 	 5 	 9 	 82.00 	 91.00 	 0.0989 	 1200.05 
j3021_4 	 7 	 9 	 92.00 	 99.00 	 0.0707 	 1200.04 
j3021_5 	 3 	 2 	 68.00 	 68.00 	 0.0000 	 941.34 
j3021_5 	 5 	 9 	 69.00 	 76.00 	 0.0921 	 1200.04 
j3021_5 	 7 	 9 	 68.00 	 84.00 	 0.1905 	 1200.54 
j3021_6 	 3 	 2 	 91.00 	 91.00 	 0.0000 	 912.44 
j3021_6 	 5 	 9 	 87.00 	 99.00 	 0.1212 	 1200.07 
j3021_6 	 7 	 9 	 97.00 	 107.00 	 0.0935 	 1200.03 
j3021_7 	 3 	 2 	 80.00 	 80.00 	 0.0000 	 558.21 
j3021_7 	 5 	 2 	 87.00 	 87.00 	 0.0000 	 577.07 
j3021_7 	 7 	 2 	 93.00 	 93.00 	 0.0000 	 511.79 
j3021_8 	 3 	 2 	 77.00 	 77.00 	 0.0000 	 1078.07 
j3021_8 	 5 	 9 	 79.00 	 94.00 	 0.1596 	 1200.05 
j3021_8 	 7 	 9 	 88.00 	 90.00 	 0.0222 	 1200.05 
j3021_9 	 3 	 9 	 69.00 	 89.00 	 0.2247 	 1200.03 
j3021_9 	 5 	 9 	 76.00 	 93.00 	 0.1828 	 1200.04 
j3021_9 	 7 	 9 	 78.00 	 99.00 	 0.2121 	 1200.02 
j3021_10 	 3 	 2 	 83.00 	 83.00 	 0.0000 	 81.29 
j3021_10 	 5 	 2 	 92.00 	 92.00 	 0.0000 	 238.35 
j3021_10 	 7 	 2 	 99.00 	 99.00 	 0.0000 	 198.75 
j3022_1 	 3 	 2 	 56.00 	 56.00 	 0.0000 	 8.96 
j3022_1 	 5 	 2 	 61.00 	 61.00 	 0.0000 	 8.46 
j3022_1 	 7 	 2 	 64.00 	 64.00 	 0.0000 	 10.06 
j3022_2 	 3 	 2 	 57.00 	 57.00 	 0.0000 	 4.73 
j3022_2 	 5 	 2 	 64.00 	 64.00 	 0.0000 	 12.33 
j3022_2 	 7 	 2 	 68.00 	 68.00 	 0.0000 	 14.23 
j3022_3 	 3 	 2 	 78.00 	 78.00 	 0.0000 	 6.86 
j3022_3 	 5 	 2 	 87.00 	 87.00 	 0.0000 	 7.61 
j3022_3 	 7 	 2 	 93.00 	 93.00 	 0.0000 	 11.38 
j3022_4 	 3 	 2 	 56.00 	 56.00 	 0.0000 	 7.30 
j3022_4 	 5 	 2 	 62.00 	 62.00 	 0.0000 	 6.33 
j3022_4 	 7 	 2 	 63.00 	 63.00 	 0.0000 	 13.54 
j3022_5 	 3 	 2 	 65.00 	 65.00 	 0.0000 	 44.57 
j3022_5 	 5 	 2 	 72.00 	 72.00 	 0.0000 	 36.82 
j3022_5 	 7 	 2 	 77.00 	 77.00 	 0.0000 	 45.21 
j3022_6 	 3 	 2 	 67.00 	 67.00 	 0.0000 	 83.66 
j3022_6 	 5 	 2 	 74.00 	 74.00 	 0.0000 	 83.57 
j3022_6 	 7 	 2 	 78.00 	 78.00 	 0.0000 	 92.02 
j3022_7 	 3 	 2 	 74.00 	 74.00 	 0.0000 	 25.85 
j3022_7 	 5 	 2 	 82.00 	 82.00 	 0.0000 	 36.76 
j3022_7 	 7 	 2 	 88.00 	 88.00 	 0.0000 	 56.77 
j3022_8 	 3 	 2 	 69.00 	 69.00 	 0.0000 	 561.77 
j3022_8 	 5 	 2 	 76.00 	 76.00 	 0.0000 	 347.85 
j3022_8 	 7 	 2 	 80.00 	 80.00 	 0.0000 	 470.78 
j3022_9 	 3 	 2 	 91.00 	 91.00 	 0.0000 	 2.80 
j3022_9 	 5 	 2 	 101.00 	 101.00 	 0.0000 	 14.76 
j3022_9 	 7 	 2 	 109.00 	 109.00 	 0.0000 	 22.58 
j3022_10 	 3 	 2 	 70.00 	 70.00 	 0.0000 	 30.70 
j3022_10 	 5 	 2 	 78.00 	 78.00 	 0.0000 	 55.32 
j3022_10 	 7 	 2 	 83.00 	 83.00 	 0.0000 	 53.44 
j3023_1 	 3 	 2 	 78.00 	 78.00 	 0.0000 	 1.71 
j3023_1 	 5 	 2 	 87.00 	 87.00 	 0.0000 	 2.76 
j3023_1 	 7 	 2 	 95.00 	 95.00 	 0.0000 	 4.08 
j3023_2 	 3 	 2 	 67.00 	 67.00 	 0.0000 	 1.59 
j3023_2 	 5 	 2 	 75.00 	 75.00 	 0.0000 	 2.69 
j3023_2 	 7 	 2 	 80.00 	 80.00 	 0.0000 	 3.36 
j3023_3 	 3 	 2 	 59.00 	 59.00 	 0.0000 	 4.20 
j3023_3 	 5 	 2 	 65.00 	 65.00 	 0.0000 	 4.68 
j3023_3 	 7 	 2 	 70.00 	 70.00 	 0.0000 	 4.80 
j3023_4 	 3 	 2 	 80.00 	 80.00 	 0.0000 	 8.34 
j3023_4 	 5 	 2 	 89.00 	 89.00 	 0.0000 	 6.05 
j3023_4 	 7 	 2 	 95.00 	 95.00 	 0.0000 	 8.98 
j3023_5 	 3 	 2 	 66.00 	 66.00 	 0.0000 	 6.42 
j3023_5 	 5 	 2 	 73.00 	 73.00 	 0.0000 	 12.85 
j3023_5 	 7 	 2 	 77.00 	 77.00 	 0.0000 	 19.13 
j3023_6 	 3 	 2 	 61.00 	 61.00 	 0.0000 	 2.71 
j3023_6 	 5 	 2 	 67.00 	 67.00 	 0.0000 	 3.61 
j3023_6 	 7 	 2 	 72.00 	 72.00 	 0.0000 	 3.79 
j3023_7 	 3 	 2 	 75.00 	 75.00 	 0.0000 	 9.34 
j3023_7 	 5 	 2 	 85.00 	 85.00 	 0.0000 	 27.20 
j3023_7 	 7 	 2 	 90.00 	 90.00 	 0.0000 	 35.70 
j3023_8 	 3 	 2 	 62.00 	 62.00 	 0.0000 	 4.79 
j3023_8 	 5 	 2 	 71.00 	 71.00 	 0.0000 	 11.39 
j3023_8 	 7 	 2 	 73.00 	 73.00 	 0.0000 	 10.03 
j3023_9 	 3 	 2 	 78.00 	 78.00 	 0.0000 	 11.86 
j3023_9 	 5 	 2 	 86.00 	 86.00 	 0.0000 	 15.92 
j3023_9 	 7 	 2 	 92.00 	 92.00 	 0.0000 	 23.43 
j3023_10 	 3 	 2 	 76.00 	 76.00 	 0.0000 	 1.35 
j3023_10 	 5 	 2 	 86.00 	 86.00 	 0.0000 	 1.75 
j3023_10 	 7 	 2 	 92.00 	 92.00 	 0.0000 	 3.70 
j3024_1 	 3 	 2 	 68.00 	 68.00 	 0.0000 	 0.97 
j3024_1 	 5 	 2 	 75.00 	 75.00 	 0.0000 	 1.26 
j3024_1 	 7 	 2 	 79.00 	 79.00 	 0.0000 	 1.60 
j3024_2 	 3 	 2 	 72.00 	 72.00 	 0.0000 	 3.17 
j3024_2 	 5 	 2 	 79.00 	 79.00 	 0.0000 	 1.37 
j3024_2 	 7 	 2 	 84.00 	 84.00 	 0.0000 	 4.54 
j3024_3 	 3 	 2 	 84.00 	 84.00 	 0.0000 	 1.91 
j3024_3 	 5 	 2 	 94.00 	 94.00 	 0.0000 	 1.27 
j3024_3 	 7 	 2 	 102.00 	 102.00 	 0.0000 	 3.78 
j3024_4 	 3 	 2 	 67.00 	 67.00 	 0.0000 	 1.08 
j3024_4 	 5 	 2 	 74.00 	 74.00 	 0.0000 	 1.65 
j3024_4 	 7 	 2 	 80.00 	 80.00 	 0.0000 	 2.27 
j3024_5 	 3 	 2 	 64.00 	 64.00 	 0.0000 	 2.01 
j3024_5 	 5 	 2 	 72.00 	 72.00 	 0.0000 	 2.99 
j3024_5 	 7 	 2 	 77.00 	 77.00 	 0.0000 	 2.80 
j3024_6 	 3 	 2 	 71.00 	 71.00 	 0.0000 	 1.60 
j3024_6 	 5 	 2 	 80.00 	 80.00 	 0.0000 	 1.23 
j3024_6 	 7 	 2 	 85.00 	 85.00 	 0.0000 	 1.59 
j3024_7 	 3 	 2 	 57.00 	 57.00 	 0.0000 	 2.57 
j3024_7 	 5 	 2 	 61.00 	 61.00 	 0.0000 	 6.86 
j3024_7 	 7 	 2 	 65.00 	 65.00 	 0.0000 	 4.07 
j3024_8 	 3 	 2 	 53.00 	 53.00 	 0.0000 	 2.09 
j3024_8 	 5 	 2 	 59.00 	 59.00 	 0.0000 	 2.33 
j3024_8 	 7 	 2 	 59.00 	 59.00 	 0.0000 	 2.43 
j3024_9 	 3 	 2 	 56.00 	 56.00 	 0.0000 	 1.47 
j3024_9 	 5 	 2 	 62.00 	 62.00 	 0.0000 	 1.32 
j3024_9 	 7 	 2 	 65.00 	 65.00 	 0.0000 	 2.54 
j3024_10 	 3 	 2 	 67.00 	 67.00 	 0.0000 	 1.78 
j3024_10 	 5 	 2 	 74.00 	 74.00 	 0.0000 	 1.86 
j3024_10 	 7 	 2 	 80.00 	 80.00 	 0.0000 	 2.65 
j3025_1 	 3 	 9 	 83.00 	 119.00 	 0.3025 	 1200.03 
j3025_1 	 5 	 9 	 96.00 	 134.00 	 0.2836 	 1200.03 
j3025_1 	 7 	 9 	 97.00 	 129.00 	 0.2481 	 1200.17 
j3025_2 	 3 	 9 	 65.00 	 99.00 	 0.3434 	 1200.11 
j3025_2 	 5 	 9 	 71.00 	 109.00 	 0.3486 	 1200.01 
j3025_2 	 7 	 9 	 78.00 	 inf 	 inf 	 1200.03 
j3025_3 	 3 	 9 	 65.00 	 96.00 	 0.3229 	 1200.03 
j3025_3 	 5 	 9 	 69.00 	 111.00 	 0.3784 	 1200.01 
j3025_3 	 7 	 9 	 70.00 	 158.00 	 0.5570 	 1200.06 
j3025_4 	 3 	 9 	 65.00 	 106.00 	 0.3868 	 1200.04 
j3025_4 	 5 	 9 	 73.00 	 inf 	 inf 	 1200.02 
j3025_4 	 7 	 9 	 78.00 	 inf 	 inf 	 1200.15 
j3025_5 	 3 	 9 	 61.00 	 93.00 	 0.3441 	 1200.22 
j3025_5 	 5 	 9 	 69.00 	 100.00 	 0.3100 	 1200.05 
j3025_5 	 7 	 9 	 73.00 	 112.00 	 0.3482 	 1200.02 
j3025_6 	 3 	 9 	 57.00 	 75.00 	 0.2400 	 1200.05 
j3025_6 	 5 	 9 	 62.00 	 83.00 	 0.2530 	 1200.38 
j3025_6 	 7 	 9 	 66.00 	 94.00 	 0.2979 	 1200.16 
j3025_7 	 3 	 9 	 92.00 	 inf 	 inf 	 1200.02 
j3025_7 	 5 	 9 	 102.00 	 inf 	 inf 	 1200.02 
j3025_7 	 7 	 9 	 107.00 	 144.00 	 0.2569 	 1200.08 
j3025_8 	 3 	 9 	 55.00 	 97.00 	 0.4330 	 1200.03 
j3025_8 	 5 	 9 	 61.00 	 106.00 	 0.4245 	 1200.18 
j3025_8 	 7 	 9 	 62.00 	 106.00 	 0.4151 	 1200.07 
j3025_9 	 3 	 9 	 75.00 	 100.00 	 0.2500 	 1200.06 
j3025_9 	 5 	 9 	 82.00 	 113.00 	 0.2743 	 1200.29 
j3025_9 	 7 	 9 	 87.00 	 121.00 	 0.2810 	 1200.32 
j3025_10 	 3 	 9 	 65.00 	 73.00 	 0.1096 	 1200.05 
j3025_10 	 5 	 9 	 71.00 	 84.00 	 0.1548 	 1200.03 
j3025_10 	 7 	 9 	 77.00 	 88.00 	 0.1250 	 1200.06 
j3026_1 	 3 	 2 	 73.00 	 73.00 	 0.0000 	 118.77 
j3026_1 	 5 	 2 	 81.00 	 81.00 	 0.0000 	 727.09 
j3026_1 	 7 	 2 	 87.00 	 87.00 	 0.0000 	 125.01 
j3026_2 	 3 	 2 	 53.00 	 53.00 	 0.0000 	 2.94 
j3026_2 	 5 	 2 	 60.00 	 60.00 	 0.0000 	 16.65 
j3026_2 	 7 	 2 	 62.00 	 62.00 	 0.0000 	 7.65 
j3026_3 	 3 	 2 	 73.00 	 73.00 	 0.0000 	 18.49 
j3026_3 	 5 	 2 	 81.00 	 81.00 	 0.0000 	 17.45 
j3026_3 	 7 	 2 	 86.00 	 86.00 	 0.0000 	 49.24 
j3026_4 	 3 	 2 	 77.00 	 77.00 	 0.0000 	 6.42 
j3026_4 	 5 	 2 	 86.00 	 86.00 	 0.0000 	 54.28 
j3026_4 	 7 	 2 	 93.00 	 93.00 	 0.0000 	 70.32 
j3026_5 	 3 	 2 	 89.00 	 89.00 	 0.0000 	 79.05 
j3026_5 	 5 	 2 	 98.00 	 98.00 	 0.0000 	 93.58 
j3026_5 	 7 	 2 	 105.00 	 105.00 	 0.0000 	 123.63 
j3026_6 	 3 	 2 	 67.00 	 67.00 	 0.0000 	 71.32 
j3026_6 	 5 	 2 	 74.00 	 74.00 	 0.0000 	 76.93 
j3026_6 	 7 	 2 	 80.00 	 80.00 	 0.0000 	 126.45 
j3026_7 	 3 	 2 	 70.00 	 70.00 	 0.0000 	 28.25 
j3026_7 	 5 	 2 	 78.00 	 78.00 	 0.0000 	 34.46 
j3026_7 	 7 	 2 	 84.00 	 84.00 	 0.0000 	 27.66 
j3026_8 	 3 	 2 	 81.00 	 81.00 	 0.0000 	 287.44 
j3026_8 	 5 	 2 	 91.00 	 91.00 	 0.0000 	 579.87 
j3026_8 	 7 	 2 	 97.00 	 97.00 	 0.0000 	 507.01 
j3026_9 	 3 	 2 	 56.00 	 56.00 	 0.0000 	 394.09 
j3026_9 	 5 	 2 	 61.00 	 61.00 	 0.0000 	 226.09 
j3026_9 	 7 	 9 	 64.00 	 65.00 	 0.0154 	 1200.06 
j3026_10 	 3 	 2 	 64.00 	 64.00 	 0.0000 	 120.38 
j3026_10 	 5 	 2 	 71.00 	 71.00 	 0.0000 	 164.60 
j3026_10 	 7 	 2 	 75.00 	 75.00 	 0.0000 	 263.12 
j3027_1 	 3 	 2 	 57.00 	 57.00 	 0.0000 	 5.46 
j3027_1 	 5 	 2 	 62.00 	 62.00 	 0.0000 	 15.42 
j3027_1 	 7 	 2 	 66.00 	 66.00 	 0.0000 	 8.53 
j3027_2 	 3 	 2 	 73.00 	 73.00 	 0.0000 	 4.26 
j3027_2 	 5 	 2 	 81.00 	 81.00 	 0.0000 	 3.82 
j3027_2 	 7 	 2 	 88.00 	 88.00 	 0.0000 	 6.31 
j3027_3 	 3 	 2 	 74.00 	 74.00 	 0.0000 	 3.82 
j3027_3 	 5 	 2 	 81.00 	 81.00 	 0.0000 	 2.93 
j3027_3 	 7 	 2 	 87.00 	 87.00 	 0.0000 	 7.57 
j3027_4 	 3 	 2 	 77.00 	 77.00 	 0.0000 	 4.08 
j3027_4 	 5 	 2 	 84.00 	 84.00 	 0.0000 	 5.64 
j3027_4 	 7 	 2 	 90.00 	 90.00 	 0.0000 	 15.98 
j3027_5 	 3 	 2 	 64.00 	 64.00 	 0.0000 	 13.67 
j3027_5 	 5 	 2 	 71.00 	 71.00 	 0.0000 	 10.52 
j3027_5 	 7 	 2 	 75.00 	 75.00 	 0.0000 	 17.23 
j3027_6 	 3 	 2 	 74.00 	 74.00 	 0.0000 	 8.37 
j3027_6 	 5 	 2 	 82.00 	 82.00 	 0.0000 	 7.83 
j3027_6 	 7 	 2 	 87.00 	 87.00 	 0.0000 	 8.65 
j3027_7 	 3 	 2 	 63.00 	 63.00 	 0.0000 	 6.91 
j3027_7 	 5 	 2 	 70.00 	 70.00 	 0.0000 	 19.98 
j3027_7 	 7 	 2 	 74.00 	 74.00 	 0.0000 	 22.17 
j3027_8 	 3 	 2 	 79.00 	 79.00 	 0.0000 	 2.28 
j3027_8 	 5 	 2 	 87.00 	 87.00 	 0.0000 	 17.56 
j3027_8 	 7 	 2 	 95.00 	 95.00 	 0.0000 	 7.24 
j3027_9 	 3 	 2 	 69.00 	 69.00 	 0.0000 	 8.21 
j3027_9 	 5 	 2 	 75.00 	 75.00 	 0.0000 	 5.12 
j3027_9 	 7 	 2 	 79.00 	 79.00 	 0.0000 	 15.48 
j3027_10 	 3 	 2 	 76.00 	 76.00 	 0.0000 	 0.92 
j3027_10 	 5 	 2 	 84.00 	 84.00 	 0.0000 	 2.20 
j3027_10 	 7 	 2 	 90.00 	 90.00 	 0.0000 	 2.55 
j3028_1 	 3 	 2 	 84.00 	 84.00 	 0.0000 	 1.21 
j3028_1 	 5 	 2 	 93.00 	 93.00 	 0.0000 	 2.48 
j3028_1 	 7 	 2 	 101.00 	 101.00 	 0.0000 	 3.51 
j3028_2 	 3 	 2 	 72.00 	 72.00 	 0.0000 	 1.70 
j3028_2 	 5 	 2 	 80.00 	 80.00 	 0.0000 	 2.31 
j3028_2 	 7 	 2 	 84.00 	 84.00 	 0.0000 	 2.65 
j3028_3 	 3 	 2 	 52.00 	 52.00 	 0.0000 	 2.65 
j3028_3 	 5 	 2 	 56.00 	 56.00 	 0.0000 	 10.63 
j3028_3 	 7 	 2 	 60.00 	 60.00 	 0.0000 	 6.59 
j3028_4 	 3 	 2 	 62.00 	 62.00 	 0.0000 	 1.53 
j3028_4 	 5 	 2 	 68.00 	 68.00 	 0.0000 	 2.79 
j3028_4 	 7 	 2 	 73.00 	 73.00 	 0.0000 	 4.18 
j3028_5 	 3 	 2 	 88.00 	 88.00 	 0.0000 	 1.89 
j3028_5 	 5 	 2 	 97.00 	 97.00 	 0.0000 	 1.60 
j3028_5 	 7 	 2 	 104.00 	 104.00 	 0.0000 	 2.31 
j3028_6 	 3 	 2 	 69.00 	 69.00 	 0.0000 	 2.57 
j3028_6 	 5 	 2 	 76.00 	 76.00 	 0.0000 	 2.11 
j3028_6 	 7 	 2 	 82.00 	 82.00 	 0.0000 	 2.62 
j3028_7 	 3 	 2 	 63.00 	 63.00 	 0.0000 	 0.93 
j3028_7 	 5 	 2 	 71.00 	 71.00 	 0.0000 	 1.96 
j3028_7 	 7 	 2 	 74.00 	 74.00 	 0.0000 	 2.40 
j3028_8 	 3 	 2 	 68.00 	 68.00 	 0.0000 	 1.96 
j3028_8 	 5 	 2 	 77.00 	 77.00 	 0.0000 	 1.46 
j3028_8 	 7 	 2 	 81.00 	 81.00 	 0.0000 	 2.87 
j3028_9 	 3 	 2 	 76.00 	 76.00 	 0.0000 	 1.62 
j3028_9 	 5 	 2 	 84.00 	 84.00 	 0.0000 	 2.14 
j3028_9 	 7 	 2 	 91.00 	 91.00 	 0.0000 	 4.59 
j3028_10 	 3 	 2 	 73.00 	 73.00 	 0.0000 	 0.88 
j3028_10 	 5 	 2 	 81.00 	 81.00 	 0.0000 	 1.78 
j3028_10 	 7 	 2 	 88.00 	 88.00 	 0.0000 	 2.97 
j3029_1 	 3 	 9 	 77.00 	 110.00 	 0.3000 	 1200.02 
j3029_1 	 5 	 9 	 85.00 	 118.00 	 0.2797 	 1200.36 
j3029_1 	 7 	 9 	 91.00 	 130.00 	 0.3000 	 1200.54 
j3029_2 	 3 	 9 	 69.00 	 110.00 	 0.3727 	 1200.33 
j3029_2 	 5 	 9 	 77.00 	 130.00 	 0.4077 	 1200.02 
j3029_2 	 7 	 9 	 82.00 	 inf 	 inf 	 1200.01 
j3029_3 	 3 	 9 	 60.00 	 101.00 	 0.4059 	 1200.02 
j3029_3 	 5 	 9 	 70.00 	 113.00 	 0.3805 	 1200.03 
j3029_3 	 7 	 9 	 70.00 	 136.00 	 0.4853 	 1200.01 
j3029_4 	 3 	 9 	 79.00 	 137.00 	 0.4234 	 1200.03 
j3029_4 	 5 	 9 	 89.00 	 142.00 	 0.3732 	 1200.01 
j3029_4 	 7 	 9 	 95.00 	 inf 	 inf 	 1200.11 
j3029_5 	 3 	 9 	 69.00 	 132.00 	 0.4773 	 1200.01 
j3029_5 	 5 	 9 	 78.00 	 173.00 	 0.5491 	 1200.01 
j3029_5 	 7 	 9 	 81.00 	 167.00 	 0.5150 	 1200.04 
j3029_6 	 3 	 9 	 66.00 	 119.00 	 0.4454 	 1200.04 
j3029_6 	 5 	 9 	 74.00 	 132.00 	 0.4394 	 1200.10 
j3029_6 	 7 	 9 	 76.00 	 135.00 	 0.4370 	 1200.23 
j3029_7 	 3 	 9 	 62.00 	 100.00 	 0.3800 	 1200.03 
j3029_7 	 5 	 9 	 62.00 	 109.00 	 0.4312 	 1200.02 
j3029_7 	 7 	 9 	 68.00 	 130.00 	 0.4769 	 1200.02 
j3029_8 	 3 	 9 	 65.00 	 101.00 	 0.3564 	 1200.42 
j3029_8 	 5 	 9 	 74.00 	 114.00 	 0.3509 	 1200.05 
j3029_8 	 7 	 9 	 77.00 	 119.00 	 0.3529 	 1200.01 
j3029_9 	 3 	 9 	 66.00 	 137.00 	 0.5182 	 1200.01 
j3029_9 	 5 	 9 	 77.00 	 155.00 	 0.5032 	 1200.40 
j3029_9 	 7 	 9 	 79.00 	 153.00 	 0.4837 	 1200.01 
j3029_10 	 3 	 9 	 66.00 	 101.00 	 0.3465 	 1200.03 
j3029_10 	 5 	 9 	 73.00 	 106.00 	 0.3113 	 1200.04 
j3029_10 	 7 	 9 	 76.00 	 119.00 	 0.3613 	 1200.01 
j3030_1 	 3 	 9 	 54.00 	 62.00 	 0.1290 	 1200.03 
j3030_1 	 5 	 9 	 59.00 	 69.00 	 0.1449 	 1200.04 
j3030_1 	 7 	 9 	 62.00 	 76.00 	 0.1842 	 1200.71 
j3030_2 	 3 	 9 	 80.00 	 84.00 	 0.0476 	 1200.04 
j3030_2 	 5 	 9 	 88.00 	 91.00 	 0.0330 	 1200.04 
j3030_2 	 7 	 9 	 95.00 	 100.00 	 0.0500 	 1200.06 
j3030_3 	 3 	 2 	 68.00 	 68.00 	 0.0000 	 1172.29 
j3030_3 	 5 	 9 	 73.00 	 75.00 	 0.0267 	 1200.04 
j3030_3 	 7 	 9 	 78.00 	 82.00 	 0.0488 	 1200.04 
j3030_4 	 3 	 9 	 64.00 	 66.00 	 0.0303 	 1200.05 
j3030_4 	 5 	 9 	 72.00 	 73.00 	 0.0137 	 1200.05 
j3030_4 	 7 	 9 	 77.00 	 79.00 	 0.0253 	 1200.04 
j3030_5 	 3 	 2 	 68.00 	 68.00 	 0.0000 	 755.74 
j3030_5 	 5 	 2 	 75.00 	 75.00 	 0.0000 	 662.24 
j3030_5 	 7 	 2 	 80.00 	 80.00 	 0.0000 	 827.50 
j3030_6 	 3 	 2 	 76.00 	 76.00 	 0.0000 	 869.59 
j3030_6 	 5 	 9 	 84.00 	 85.00 	 0.0118 	 1200.03 
j3030_6 	 7 	 9 	 87.00 	 92.00 	 0.0543 	 1200.08 
j3030_7 	 3 	 2 	 83.00 	 83.00 	 0.0000 	 633.43 
j3030_7 	 5 	 9 	 88.00 	 93.00 	 0.0538 	 1200.08 
j3030_7 	 7 	 9 	 98.00 	 99.00 	 0.0101 	 1200.06 
j3030_8 	 3 	 9 	 55.00 	 60.00 	 0.0833 	 1200.03 
j3030_8 	 5 	 9 	 60.00 	 68.00 	 0.1176 	 1200.03 
j3030_8 	 7 	 9 	 62.00 	 71.00 	 0.1268 	 1200.06 
j3030_9 	 3 	 2 	 59.00 	 59.00 	 0.0000 	 1160.66 
j3030_9 	 5 	 9 	 65.00 	 66.00 	 0.0152 	 1200.03 
j3030_9 	 7 	 9 	 68.00 	 70.00 	 0.0286 	 1200.05 
j3030_10 	 3 	 9 	 64.00 	 67.00 	 0.0448 	 1200.03 
j3030_10 	 5 	 9 	 72.00 	 74.00 	 0.0270 	 1200.04 
j3030_10 	 7 	 9 	 74.00 	 79.00 	 0.0633 	 1200.04 
j3031_1 	 3 	 2 	 56.00 	 56.00 	 0.0000 	 9.64 
j3031_1 	 5 	 2 	 63.00 	 63.00 	 0.0000 	 4.60 
j3031_1 	 7 	 2 	 67.00 	 67.00 	 0.0000 	 7.96 
j3031_2 	 3 	 2 	 77.00 	 77.00 	 0.0000 	 5.96 
j3031_2 	 5 	 2 	 85.00 	 85.00 	 0.0000 	 7.14 
j3031_2 	 7 	 2 	 92.00 	 92.00 	 0.0000 	 11.16 
j3031_3 	 3 	 2 	 73.00 	 73.00 	 0.0000 	 4.84 
j3031_3 	 5 	 2 	 81.00 	 81.00 	 0.0000 	 2.93 
j3031_3 	 7 	 2 	 87.00 	 87.00 	 0.0000 	 3.88 
j3031_4 	 3 	 2 	 64.00 	 64.00 	 0.0000 	 6.38 
j3031_4 	 5 	 2 	 71.00 	 71.00 	 0.0000 	 3.39 
j3031_4 	 7 	 2 	 75.00 	 75.00 	 0.0000 	 3.27 
j3031_5 	 3 	 2 	 66.00 	 66.00 	 0.0000 	 34.37 
j3031_5 	 5 	 2 	 72.00 	 72.00 	 0.0000 	 81.45 
j3031_5 	 7 	 2 	 77.00 	 77.00 	 0.0000 	 57.10 
j3031_6 	 3 	 2 	 67.00 	 67.00 	 0.0000 	 11.71 
j3031_6 	 5 	 2 	 74.00 	 74.00 	 0.0000 	 10.56 
j3031_6 	 7 	 2 	 79.00 	 79.00 	 0.0000 	 16.72 
j3031_7 	 3 	 2 	 75.00 	 75.00 	 0.0000 	 23.27 
j3031_7 	 5 	 2 	 83.00 	 83.00 	 0.0000 	 20.85 
j3031_7 	 7 	 2 	 90.00 	 90.00 	 0.0000 	 26.31 
j3031_8 	 3 	 2 	 73.00 	 73.00 	 0.0000 	 12.07 
j3031_8 	 5 	 2 	 82.00 	 82.00 	 0.0000 	 10.58 
j3031_8 	 7 	 2 	 87.00 	 87.00 	 0.0000 	 14.49 
j3031_9 	 3 	 9 	 62.00 	 65.00 	 0.0462 	 1200.03 
j3031_9 	 5 	 9 	 68.00 	 70.00 	 0.0286 	 1200.04 
j3031_9 	 7 	 9 	 71.00 	 75.00 	 0.0533 	 1200.04 
j3031_10 	 3 	 9 	 65.00 	 68.00 	 0.0441 	 1200.03 
j3031_10 	 5 	 9 	 72.00 	 75.00 	 0.0400 	 1200.04 
j3031_10 	 7 	 9 	 76.00 	 81.00 	 0.0617 	 1200.05 
j3032_1 	 3 	 2 	 76.00 	 76.00 	 0.0000 	 2.48 
j3032_1 	 5 	 2 	 85.00 	 85.00 	 0.0000 	 2.13 
j3032_1 	 7 	 2 	 92.00 	 92.00 	 0.0000 	 2.82 
j3032_2 	 3 	 2 	 75.00 	 75.00 	 0.0000 	 2.63 
j3032_2 	 5 	 2 	 83.00 	 83.00 	 0.0000 	 2.05 
j3032_2 	 7 	 2 	 90.00 	 90.00 	 0.0000 	 4.27 
j3032_3 	 3 	 2 	 72.00 	 72.00 	 0.0000 	 2.46 
j3032_3 	 5 	 2 	 80.00 	 80.00 	 0.0000 	 3.47 
j3032_3 	 7 	 2 	 88.00 	 88.00 	 0.0000 	 3.85 
j3032_4 	 3 	 2 	 83.00 	 83.00 	 0.0000 	 5.49 
j3032_4 	 5 	 2 	 93.00 	 93.00 	 0.0000 	 2.09 
j3032_4 	 7 	 2 	 101.00 	 101.00 	 0.0000 	 5.81 
j3032_5 	 3 	 2 	 69.00 	 69.00 	 0.0000 	 5.06 
j3032_5 	 5 	 2 	 78.00 	 78.00 	 0.0000 	 3.52 
j3032_5 	 7 	 2 	 81.00 	 81.00 	 0.0000 	 1.92 
j3032_6 	 3 	 2 	 56.00 	 56.00 	 0.0000 	 2.29 
j3032_6 	 5 	 2 	 62.00 	 62.00 	 0.0000 	 3.16 
j3032_6 	 7 	 2 	 66.00 	 66.00 	 0.0000 	 2.65 
j3032_7 	 3 	 2 	 47.00 	 47.00 	 0.0000 	 2.46 
j3032_7 	 5 	 2 	 52.00 	 52.00 	 0.0000 	 1.30 
j3032_7 	 7 	 2 	 54.00 	 54.00 	 0.0000 	 2.80 
j3032_8 	 3 	 2 	 69.00 	 69.00 	 0.0000 	 2.44 
j3032_8 	 5 	 2 	 78.00 	 78.00 	 0.0000 	 2.81 
j3032_8 	 7 	 2 	 81.00 	 81.00 	 0.0000 	 1.73 
j3032_9 	 3 	 2 	 80.00 	 80.00 	 0.0000 	 2.07 
j3032_9 	 5 	 2 	 90.00 	 90.00 	 0.0000 	 1.75 
j3032_9 	 7 	 2 	 96.00 	 96.00 	 0.0000 	 1.50 
j3032_10 	 3 	 2 	 64.00 	 64.00 	 0.0000 	 3.24 
j3032_10 	 5 	 2 	 72.00 	 72.00 	 0.0000 	 2.08 
j3032_10 	 7 	 2 	 78.00 	 78.00 	 0.0000 	 3.12 
j3033_1 	 3 	 2 	 80.00 	 80.00 	 0.0000 	 3.45 
j3033_1 	 5 	 2 	 88.00 	 88.00 	 0.0000 	 5.08 
j3033_1 	 7 	 2 	 94.00 	 94.00 	 0.0000 	 7.99 
j3033_2 	 3 	 2 	 75.00 	 75.00 	 0.0000 	 1.56 
j3033_2 	 5 	 2 	 83.00 	 83.00 	 0.0000 	 2.10 
j3033_2 	 7 	 2 	 89.00 	 89.00 	 0.0000 	 3.45 
j3033_3 	 3 	 2 	 69.00 	 69.00 	 0.0000 	 3.34 
j3033_3 	 5 	 2 	 77.00 	 77.00 	 0.0000 	 4.93 
j3033_3 	 7 	 2 	 83.00 	 83.00 	 0.0000 	 5.59 
j3033_4 	 3 	 2 	 92.00 	 92.00 	 0.0000 	 1.32 
j3033_4 	 5 	 2 	 102.00 	 102.00 	 0.0000 	 2.19 
j3033_4 	 7 	 2 	 110.00 	 110.00 	 0.0000 	 2.49 
j3033_5 	 3 	 2 	 65.00 	 65.00 	 0.0000 	 4.12 
j3033_5 	 5 	 2 	 73.00 	 73.00 	 0.0000 	 9.36 
j3033_5 	 7 	 2 	 80.00 	 80.00 	 0.0000 	 14.03 
j3033_6 	 3 	 2 	 73.00 	 73.00 	 0.0000 	 1.27 
j3033_6 	 5 	 2 	 81.00 	 81.00 	 0.0000 	 3.05 
j3033_6 	 7 	 2 	 87.00 	 87.00 	 0.0000 	 4.74 
j3033_7 	 3 	 2 	 73.00 	 73.00 	 0.0000 	 1.02 
j3033_7 	 5 	 2 	 82.00 	 82.00 	 0.0000 	 2.31 
j3033_7 	 7 	 2 	 87.00 	 87.00 	 0.0000 	 1.76 
j3033_8 	 3 	 2 	 76.00 	 76.00 	 0.0000 	 4.69 
j3033_8 	 5 	 2 	 84.00 	 84.00 	 0.0000 	 8.66 
j3033_8 	 7 	 2 	 90.00 	 90.00 	 0.0000 	 11.55 
j3033_9 	 3 	 2 	 79.00 	 79.00 	 0.0000 	 3.01 
j3033_9 	 5 	 2 	 87.00 	 87.00 	 0.0000 	 15.49 
j3033_9 	 7 	 2 	 93.00 	 93.00 	 0.0000 	 7.43 
j3033_10 	 3 	 2 	 67.00 	 67.00 	 0.0000 	 1.82 
j3033_10 	 5 	 2 	 75.00 	 75.00 	 0.0000 	 2.32 
j3033_10 	 7 	 2 	 82.00 	 82.00 	 0.0000 	 2.16 
j3034_1 	 3 	 2 	 83.00 	 83.00 	 0.0000 	 1.06 
j3034_1 	 5 	 2 	 93.00 	 93.00 	 0.0000 	 3.60 
j3034_1 	 7 	 2 	 101.00 	 101.00 	 0.0000 	 2.29 
j3034_2 	 3 	 2 	 57.00 	 57.00 	 0.0000 	 0.91 
j3034_2 	 5 	 2 	 63.00 	 63.00 	 0.0000 	 1.25 
j3034_2 	 7 	 2 	 67.00 	 67.00 	 0.0000 	 1.71 
j3034_3 	 3 	 2 	 83.00 	 83.00 	 0.0000 	 1.19 
j3034_3 	 5 	 2 	 91.00 	 91.00 	 0.0000 	 1.61 
j3034_3 	 7 	 2 	 98.00 	 98.00 	 0.0000 	 2.04 
j3034_4 	 3 	 2 	 82.00 	 82.00 	 0.0000 	 0.72 
j3034_4 	 5 	 2 	 92.00 	 92.00 	 0.0000 	 1.01 
j3034_4 	 7 	 2 	 98.00 	 98.00 	 0.0000 	 1.76 
j3034_5 	 3 	 2 	 77.00 	 77.00 	 0.0000 	 1.15 
j3034_5 	 5 	 2 	 85.00 	 85.00 	 0.0000 	 1.41 
j3034_5 	 7 	 2 	 91.00 	 91.00 	 0.0000 	 2.19 
j3034_6 	 3 	 2 	 66.00 	 66.00 	 0.0000 	 1.10 
j3034_6 	 5 	 2 	 73.00 	 73.00 	 0.0000 	 2.26 
j3034_6 	 7 	 2 	 78.00 	 78.00 	 0.0000 	 2.07 
j3034_7 	 3 	 2 	 73.00 	 73.00 	 0.0000 	 1.06 
j3034_7 	 5 	 2 	 81.00 	 81.00 	 0.0000 	 1.80 
j3034_7 	 7 	 2 	 86.00 	 86.00 	 0.0000 	 3.68 
j3034_8 	 3 	 2 	 73.00 	 73.00 	 0.0000 	 1.84 
j3034_8 	 5 	 2 	 81.00 	 81.00 	 0.0000 	 2.72 
j3034_8 	 7 	 2 	 86.00 	 86.00 	 0.0000 	 2.22 
j3034_9 	 3 	 2 	 75.00 	 75.00 	 0.0000 	 0.64 
j3034_9 	 5 	 2 	 82.00 	 82.00 	 0.0000 	 1.70 
j3034_9 	 7 	 2 	 87.00 	 87.00 	 0.0000 	 2.06 
j3034_10 	 3 	 2 	 61.00 	 61.00 	 0.0000 	 0.67 
j3034_10 	 5 	 2 	 67.00 	 67.00 	 0.0000 	 1.70 
j3034_10 	 7 	 2 	 71.00 	 71.00 	 0.0000 	 2.15 
j3035_1 	 3 	 2 	 72.00 	 72.00 	 0.0000 	 0.96 
j3035_1 	 5 	 2 	 81.00 	 81.00 	 0.0000 	 1.08 
j3035_1 	 7 	 2 	 86.00 	 86.00 	 0.0000 	 1.66 
j3035_2 	 3 	 2 	 68.00 	 68.00 	 0.0000 	 0.92 
j3035_2 	 5 	 2 	 77.00 	 77.00 	 0.0000 	 1.37 
j3035_2 	 7 	 2 	 82.00 	 82.00 	 0.0000 	 2.02 
j3035_3 	 3 	 2 	 75.00 	 75.00 	 0.0000 	 1.10 
j3035_3 	 5 	 2 	 83.00 	 83.00 	 0.0000 	 1.62 
j3035_3 	 7 	 2 	 89.00 	 89.00 	 0.0000 	 2.02 
j3035_4 	 3 	 2 	 64.00 	 64.00 	 0.0000 	 1.17 
j3035_4 	 5 	 2 	 71.00 	 71.00 	 0.0000 	 1.65 
j3035_4 	 7 	 2 	 75.00 	 75.00 	 0.0000 	 2.22 
j3035_5 	 3 	 2 	 75.00 	 75.00 	 0.0000 	 1.05 
j3035_5 	 5 	 2 	 84.00 	 84.00 	 0.0000 	 1.40 
j3035_5 	 7 	 2 	 91.00 	 91.00 	 0.0000 	 1.74 
j3035_6 	 3 	 2 	 72.00 	 72.00 	 0.0000 	 1.41 
j3035_6 	 5 	 2 	 78.00 	 78.00 	 0.0000 	 1.29 
j3035_6 	 7 	 2 	 84.00 	 84.00 	 0.0000 	 1.68 
j3035_7 	 3 	 2 	 76.00 	 76.00 	 0.0000 	 1.07 
j3035_7 	 5 	 2 	 84.00 	 84.00 	 0.0000 	 2.22 
j3035_7 	 7 	 2 	 90.00 	 90.00 	 0.0000 	 2.27 
j3035_8 	 3 	 2 	 78.00 	 78.00 	 0.0000 	 0.63 
j3035_8 	 5 	 2 	 86.00 	 86.00 	 0.0000 	 1.46 
j3035_8 	 7 	 2 	 94.00 	 94.00 	 0.0000 	 1.48 
j3035_9 	 3 	 2 	 74.00 	 74.00 	 0.0000 	 1.10 
j3035_9 	 5 	 2 	 83.00 	 83.00 	 0.0000 	 1.46 
j3035_9 	 7 	 2 	 89.00 	 89.00 	 0.0000 	 2.05 
j3035_10 	 3 	 2 	 72.00 	 72.00 	 0.0000 	 0.89 
j3035_10 	 5 	 2 	 80.00 	 80.00 	 0.0000 	 1.35 
j3035_10 	 7 	 2 	 86.00 	 86.00 	 0.0000 	 1.55 
j3036_1 	 3 	 2 	 81.00 	 81.00 	 0.0000 	 0.65 
j3036_1 	 5 	 2 	 91.00 	 91.00 	 0.0000 	 0.89 
j3036_1 	 7 	 2 	 97.00 	 97.00 	 0.0000 	 1.24 
j3036_2 	 3 	 2 	 56.00 	 56.00 	 0.0000 	 0.53 
j3036_2 	 5 	 2 	 62.00 	 62.00 	 0.0000 	 0.80 
j3036_2 	 7 	 2 	 67.00 	 67.00 	 0.0000 	 1.30 
j3036_3 	 3 	 2 	 76.00 	 76.00 	 0.0000 	 0.64 
j3036_3 	 5 	 2 	 84.00 	 84.00 	 0.0000 	 0.88 
j3036_3 	 7 	 2 	 91.00 	 91.00 	 0.0000 	 1.08 
j3036_4 	 3 	 2 	 74.00 	 74.00 	 0.0000 	 0.57 
j3036_4 	 5 	 2 	 82.00 	 82.00 	 0.0000 	 0.70 
j3036_4 	 7 	 2 	 89.00 	 89.00 	 0.0000 	 0.95 
j3036_5 	 3 	 2 	 79.00 	 79.00 	 0.0000 	 0.99 
j3036_5 	 5 	 2 	 87.00 	 87.00 	 0.0000 	 1.35 
j3036_5 	 7 	 2 	 94.00 	 94.00 	 0.0000 	 1.11 
j3036_6 	 3 	 2 	 59.00 	 59.00 	 0.0000 	 0.84 
j3036_6 	 5 	 2 	 67.00 	 67.00 	 0.0000 	 0.78 
j3036_6 	 7 	 2 	 69.00 	 69.00 	 0.0000 	 1.69 
j3036_7 	 3 	 2 	 70.00 	 70.00 	 0.0000 	 0.45 
j3036_7 	 5 	 2 	 78.00 	 78.00 	 0.0000 	 0.58 
j3036_7 	 7 	 2 	 83.00 	 83.00 	 0.0000 	 0.86 
j3036_8 	 3 	 2 	 76.00 	 76.00 	 0.0000 	 0.53 
j3036_8 	 5 	 2 	 84.00 	 84.00 	 0.0000 	 0.71 
j3036_8 	 7 	 2 	 89.00 	 89.00 	 0.0000 	 0.81 
j3036_9 	 3 	 2 	 74.00 	 74.00 	 0.0000 	 0.85 
j3036_9 	 5 	 2 	 83.00 	 83.00 	 0.0000 	 1.37 
j3036_9 	 7 	 2 	 88.00 	 88.00 	 0.0000 	 0.96 
j3036_10 	 3 	 2 	 73.00 	 73.00 	 0.0000 	 0.54 
j3036_10 	 5 	 2 	 81.00 	 81.00 	 0.0000 	 0.73 
j3036_10 	 7 	 2 	 87.00 	 87.00 	 0.0000 	 0.88 
j3037_1 	 3 	 2 	 94.00 	 94.00 	 0.0000 	 464.79 
j3037_1 	 5 	 2 	 103.00 	 103.00 	 0.0000 	 455.46 
j3037_1 	 7 	 2 	 111.00 	 111.00 	 0.0000 	 315.93 
j3037_2 	 3 	 2 	 84.00 	 84.00 	 0.0000 	 66.67 
j3037_2 	 5 	 2 	 92.00 	 92.00 	 0.0000 	 84.15 
j3037_2 	 7 	 2 	 100.00 	 100.00 	 0.0000 	 254.17 
j3037_3 	 3 	 2 	 96.00 	 96.00 	 0.0000 	 880.46 
j3037_3 	 5 	 2 	 104.00 	 104.00 	 0.0000 	 961.07 
j3037_3 	 7 	 9 	 104.00 	 112.00 	 0.0714 	 1200.04 
j3037_4 	 3 	 2 	 97.00 	 97.00 	 0.0000 	 664.07 
j3037_4 	 5 	 9 	 97.00 	 105.00 	 0.0762 	 1200.04 
j3037_4 	 7 	 9 	 102.00 	 113.00 	 0.0973 	 1200.06 
j3037_5 	 3 	 2 	 95.00 	 95.00 	 0.0000 	 111.33 
j3037_5 	 5 	 2 	 105.00 	 105.00 	 0.0000 	 286.35 
j3037_5 	 7 	 2 	 114.00 	 114.00 	 0.0000 	 361.03 
j3037_6 	 3 	 2 	 87.00 	 87.00 	 0.0000 	 36.37 
j3037_6 	 5 	 2 	 95.00 	 95.00 	 0.0000 	 40.41 
j3037_6 	 7 	 2 	 102.00 	 102.00 	 0.0000 	 50.21 
j3037_7 	 3 	 2 	 107.00 	 107.00 	 0.0000 	 718.90 
j3037_7 	 5 	 2 	 116.00 	 116.00 	 0.0000 	 1075.97 
j3037_7 	 7 	 9 	 112.00 	 124.00 	 0.0968 	 1200.04 
j3037_8 	 3 	 2 	 87.00 	 87.00 	 0.0000 	 49.20 
j3037_8 	 5 	 2 	 96.00 	 96.00 	 0.0000 	 124.87 
j3037_8 	 7 	 2 	 104.00 	 104.00 	 0.0000 	 157.18 
j3037_9 	 3 	 2 	 71.00 	 71.00 	 0.0000 	 49.71 
j3037_9 	 5 	 2 	 77.00 	 77.00 	 0.0000 	 66.91 
j3037_9 	 7 	 2 	 82.00 	 82.00 	 0.0000 	 97.94 
j3037_10 	 3 	 2 	 95.00 	 95.00 	 0.0000 	 704.58 
j3037_10 	 5 	 9 	 102.00 	 103.00 	 0.0097 	 1200.03 
j3037_10 	 7 	 9 	 106.00 	 110.00 	 0.0364 	 1200.03 
j3038_1 	 3 	 2 	 62.00 	 62.00 	 0.0000 	 5.99 
j3038_1 	 5 	 2 	 70.00 	 70.00 	 0.0000 	 4.98 
j3038_1 	 7 	 2 	 73.00 	 73.00 	 0.0000 	 5.75 
j3038_2 	 3 	 2 	 69.00 	 69.00 	 0.0000 	 3.68 
j3038_2 	 5 	 2 	 76.00 	 76.00 	 0.0000 	 7.42 
j3038_2 	 7 	 2 	 81.00 	 81.00 	 0.0000 	 14.12 
j3038_3 	 3 	 2 	 74.00 	 74.00 	 0.0000 	 9.37 
j3038_3 	 5 	 2 	 82.00 	 82.00 	 0.0000 	 19.57 
j3038_3 	 7 	 2 	 87.00 	 87.00 	 0.0000 	 21.81 
j3038_4 	 3 	 2 	 74.00 	 74.00 	 0.0000 	 4.68 
j3038_4 	 5 	 2 	 83.00 	 83.00 	 0.0000 	 5.25 
j3038_4 	 7 	 2 	 89.00 	 89.00 	 0.0000 	 13.67 
j3038_5 	 3 	 2 	 86.00 	 86.00 	 0.0000 	 21.81 
j3038_5 	 5 	 2 	 95.00 	 95.00 	 0.0000 	 23.00 
j3038_5 	 7 	 2 	 103.00 	 103.00 	 0.0000 	 40.10 
j3038_6 	 3 	 2 	 78.00 	 78.00 	 0.0000 	 2.92 
j3038_6 	 5 	 2 	 86.00 	 86.00 	 0.0000 	 2.77 
j3038_6 	 7 	 2 	 93.00 	 93.00 	 0.0000 	 12.98 
j3038_7 	 3 	 2 	 80.00 	 80.00 	 0.0000 	 10.57 
j3038_7 	 5 	 2 	 90.00 	 90.00 	 0.0000 	 13.81 
j3038_7 	 7 	 2 	 96.00 	 96.00 	 0.0000 	 14.71 
j3038_8 	 3 	 2 	 76.00 	 76.00 	 0.0000 	 6.49 
j3038_8 	 5 	 2 	 84.00 	 84.00 	 0.0000 	 4.46 
j3038_8 	 7 	 2 	 90.00 	 90.00 	 0.0000 	 11.68 
j3038_9 	 3 	 2 	 78.00 	 78.00 	 0.0000 	 21.53 
j3038_9 	 5 	 2 	 86.00 	 86.00 	 0.0000 	 55.42 
j3038_9 	 7 	 2 	 94.00 	 94.00 	 0.0000 	 75.49 
j3038_10 	 3 	 2 	 75.00 	 75.00 	 0.0000 	 9.85 
j3038_10 	 5 	 2 	 82.00 	 82.00 	 0.0000 	 18.15 
j3038_10 	 7 	 2 	 87.00 	 87.00 	 0.0000 	 19.58 
j3039_1 	 3 	 2 	 70.00 	 70.00 	 0.0000 	 1.65 
j3039_1 	 5 	 2 	 78.00 	 78.00 	 0.0000 	 2.03 
j3039_1 	 7 	 2 	 84.00 	 84.00 	 0.0000 	 1.95 
j3039_2 	 3 	 2 	 69.00 	 69.00 	 0.0000 	 1.46 
j3039_2 	 5 	 2 	 77.00 	 77.00 	 0.0000 	 2.76 
j3039_2 	 7 	 2 	 81.00 	 81.00 	 0.0000 	 2.76 
j3039_3 	 3 	 2 	 69.00 	 69.00 	 0.0000 	 3.44 
j3039_3 	 5 	 2 	 77.00 	 77.00 	 0.0000 	 3.54 
j3039_3 	 7 	 2 	 82.00 	 82.00 	 0.0000 	 6.59 
j3039_4 	 3 	 2 	 68.00 	 68.00 	 0.0000 	 4.05 
j3039_4 	 5 	 2 	 75.00 	 75.00 	 0.0000 	 4.05 
j3039_4 	 7 	 2 	 80.00 	 80.00 	 0.0000 	 6.78 
j3039_5 	 3 	 2 	 70.00 	 70.00 	 0.0000 	 1.93 
j3039_5 	 5 	 2 	 79.00 	 79.00 	 0.0000 	 2.15 
j3039_5 	 7 	 2 	 84.00 	 84.00 	 0.0000 	 4.64 
j3039_6 	 3 	 2 	 84.00 	 84.00 	 0.0000 	 6.06 
j3039_6 	 5 	 2 	 94.00 	 94.00 	 0.0000 	 3.48 
j3039_6 	 7 	 2 	 101.00 	 101.00 	 0.0000 	 8.73 
j3039_7 	 3 	 2 	 71.00 	 71.00 	 0.0000 	 2.42 
j3039_7 	 5 	 2 	 79.00 	 79.00 	 0.0000 	 2.90 
j3039_7 	 7 	 2 	 84.00 	 84.00 	 0.0000 	 2.88 
j3039_8 	 3 	 2 	 82.00 	 82.00 	 0.0000 	 1.34 
j3039_8 	 5 	 2 	 90.00 	 90.00 	 0.0000 	 0.98 
j3039_8 	 7 	 2 	 97.00 	 97.00 	 0.0000 	 2.32 
j3039_9 	 3 	 2 	 79.00 	 79.00 	 0.0000 	 1.92 
j3039_9 	 5 	 2 	 88.00 	 88.00 	 0.0000 	 4.91 
j3039_9 	 7 	 2 	 96.00 	 96.00 	 0.0000 	 5.96 
j3039_10 	 3 	 2 	 75.00 	 75.00 	 0.0000 	 6.21 
j3039_10 	 5 	 2 	 83.00 	 83.00 	 0.0000 	 7.34 
j3039_10 	 7 	 2 	 89.00 	 89.00 	 0.0000 	 8.78 
j3040_1 	 3 	 2 	 65.00 	 65.00 	 0.0000 	 1.48 
j3040_1 	 5 	 2 	 73.00 	 73.00 	 0.0000 	 2.54 
j3040_1 	 7 	 2 	 78.00 	 78.00 	 0.0000 	 3.03 
j3040_2 	 3 	 2 	 70.00 	 70.00 	 0.0000 	 1.10 
j3040_2 	 5 	 2 	 78.00 	 78.00 	 0.0000 	 1.04 
j3040_2 	 7 	 2 	 85.00 	 85.00 	 0.0000 	 2.52 
j3040_3 	 3 	 2 	 72.00 	 72.00 	 0.0000 	 1.74 
j3040_3 	 5 	 2 	 80.00 	 80.00 	 0.0000 	 1.59 
j3040_3 	 7 	 2 	 87.00 	 87.00 	 0.0000 	 2.04 
j3040_4 	 3 	 2 	 72.00 	 72.00 	 0.0000 	 1.30 
j3040_4 	 5 	 2 	 81.00 	 81.00 	 0.0000 	 2.09 
j3040_4 	 7 	 2 	 87.00 	 87.00 	 0.0000 	 2.34 
j3040_5 	 3 	 2 	 80.00 	 80.00 	 0.0000 	 1.25 
j3040_5 	 5 	 2 	 89.00 	 89.00 	 0.0000 	 1.53 
j3040_5 	 7 	 2 	 96.00 	 96.00 	 0.0000 	 1.02 
j3040_6 	 3 	 2 	 73.00 	 73.00 	 0.0000 	 0.81 
j3040_6 	 5 	 2 	 81.00 	 81.00 	 0.0000 	 1.29 
j3040_6 	 7 	 2 	 87.00 	 87.00 	 0.0000 	 1.90 
j3040_7 	 3 	 2 	 61.00 	 61.00 	 0.0000 	 1.21 
j3040_7 	 5 	 2 	 68.00 	 68.00 	 0.0000 	 1.44 
j3040_7 	 7 	 2 	 71.00 	 71.00 	 0.0000 	 1.86 
j3040_8 	 3 	 2 	 72.00 	 72.00 	 0.0000 	 1.35 
j3040_8 	 5 	 2 	 80.00 	 80.00 	 0.0000 	 1.08 
j3040_8 	 7 	 2 	 86.00 	 86.00 	 0.0000 	 2.11 
j3040_9 	 3 	 2 	 79.00 	 79.00 	 0.0000 	 1.12 
j3040_9 	 5 	 2 	 88.00 	 88.00 	 0.0000 	 1.82 
j3040_9 	 7 	 2 	 95.00 	 95.00 	 0.0000 	 1.25 
j3040_10 	 3 	 2 	 62.00 	 62.00 	 0.0000 	 1.22 
j3040_10 	 5 	 2 	 68.00 	 68.00 	 0.0000 	 1.41 
j3040_10 	 7 	 2 	 73.00 	 73.00 	 0.0000 	 1.90 
j3041_1 	 3 	 2 	 101.00 	 101.00 	 0.0000 	 956.69 
j3041_1 	 5 	 2 	 110.00 	 110.00 	 0.0000 	 955.98 
j3041_1 	 7 	 2 	 117.00 	 117.00 	 0.0000 	 965.43 
j3041_2 	 3 	 9 	 73.00 	 109.00 	 0.3303 	 1200.04 
j3041_2 	 5 	 9 	 80.00 	 117.00 	 0.3162 	 1200.01 
j3041_2 	 7 	 9 	 88.00 	 126.00 	 0.3016 	 1200.04 
j3041_3 	 3 	 9 	 80.00 	 102.00 	 0.2157 	 1200.03 
j3041_3 	 5 	 9 	 88.00 	 111.00 	 0.2072 	 1200.03 
j3041_3 	 7 	 9 	 93.00 	 117.00 	 0.2051 	 1200.03 
j3041_4 	 3 	 9 	 78.00 	 98.00 	 0.2041 	 1200.17 
j3041_4 	 5 	 9 	 87.00 	 107.00 	 0.1869 	 1200.01 
j3041_4 	 7 	 9 	 92.00 	 inf 	 inf 	 1200.01 
j3041_5 	 3 	 9 	 102.00 	 116.00 	 0.1207 	 1200.03 
j3041_5 	 5 	 9 	 110.00 	 126.00 	 0.1270 	 1200.03 
j3041_5 	 7 	 9 	 111.00 	 134.00 	 0.1716 	 1200.04 
j3041_6 	 3 	 9 	 85.00 	 117.00 	 0.2735 	 1200.04 
j3041_6 	 5 	 9 	 92.00 	 130.00 	 0.2923 	 1200.03 
j3041_6 	 7 	 9 	 98.00 	 139.00 	 0.2950 	 1200.04 
j3041_7 	 3 	 9 	 85.00 	 113.00 	 0.2478 	 1200.05 
j3041_7 	 5 	 9 	 93.00 	 131.00 	 0.2901 	 1200.01 
j3041_7 	 7 	 9 	 101.00 	 inf 	 inf 	 1200.01 
j3041_8 	 3 	 9 	 80.00 	 104.00 	 0.2308 	 1200.04 
j3041_8 	 5 	 9 	 90.00 	 116.00 	 0.2241 	 1200.03 
j3041_8 	 7 	 9 	 90.00 	 123.00 	 0.2683 	 1200.01 
j3041_9 	 3 	 9 	 90.00 	 109.00 	 0.1743 	 1200.04 
j3041_9 	 5 	 9 	 101.00 	 118.00 	 0.1441 	 1200.04 
j3041_9 	 7 	 9 	 112.00 	 129.00 	 0.1318 	 1200.03 
j3041_10 	 3 	 9 	 83.00 	 115.00 	 0.2783 	 1200.04 
j3041_10 	 5 	 9 	 92.00 	 131.00 	 0.2977 	 1200.08 
j3041_10 	 7 	 9 	 95.00 	 142.00 	 0.3310 	 1200.12 
j3042_1 	 3 	 2 	 73.00 	 73.00 	 0.0000 	 8.22 
j3042_1 	 5 	 2 	 81.00 	 81.00 	 0.0000 	 6.08 
j3042_1 	 7 	 2 	 88.00 	 88.00 	 0.0000 	 18.31 
j3042_2 	 3 	 2 	 62.00 	 62.00 	 0.0000 	 49.49 
j3042_2 	 5 	 2 	 69.00 	 69.00 	 0.0000 	 57.55 
j3042_2 	 7 	 2 	 73.00 	 73.00 	 0.0000 	 89.21 
j3042_3 	 3 	 2 	 75.00 	 75.00 	 0.0000 	 271.16 
j3042_3 	 5 	 2 	 83.00 	 83.00 	 0.0000 	 146.24 
j3042_3 	 7 	 2 	 88.00 	 88.00 	 0.0000 	 146.55 
j3042_4 	 3 	 2 	 63.00 	 63.00 	 0.0000 	 154.09 
j3042_4 	 5 	 2 	 69.00 	 69.00 	 0.0000 	 205.41 
j3042_4 	 7 	 2 	 73.00 	 73.00 	 0.0000 	 138.56 
j3042_5 	 3 	 2 	 67.00 	 67.00 	 0.0000 	 7.35 
j3042_5 	 5 	 2 	 76.00 	 76.00 	 0.0000 	 5.18 
j3042_5 	 7 	 2 	 80.00 	 80.00 	 0.0000 	 13.17 
j3042_6 	 3 	 2 	 81.00 	 81.00 	 0.0000 	 35.81 
j3042_6 	 5 	 2 	 89.00 	 89.00 	 0.0000 	 55.90 
j3042_6 	 7 	 2 	 95.00 	 95.00 	 0.0000 	 51.75 
j3042_7 	 3 	 2 	 81.00 	 81.00 	 0.0000 	 8.28 
j3042_7 	 5 	 2 	 90.00 	 90.00 	 0.0000 	 14.30 
j3042_7 	 7 	 2 	 96.00 	 96.00 	 0.0000 	 11.65 
j3042_8 	 3 	 2 	 97.00 	 97.00 	 0.0000 	 918.37 
j3042_8 	 5 	 9 	 102.00 	 106.00 	 0.0377 	 1200.04 
j3042_8 	 7 	 9 	 106.00 	 114.00 	 0.0702 	 1200.04 
j3042_9 	 3 	 2 	 75.00 	 75.00 	 0.0000 	 210.58 
j3042_9 	 5 	 2 	 84.00 	 84.00 	 0.0000 	 64.52 
j3042_9 	 7 	 2 	 89.00 	 89.00 	 0.0000 	 56.15 
j3042_10 	 3 	 2 	 90.00 	 90.00 	 0.0000 	 2.37 
j3042_10 	 5 	 2 	 100.00 	 100.00 	 0.0000 	 2.66 
j3042_10 	 7 	 2 	 108.00 	 108.00 	 0.0000 	 10.94 
j3043_1 	 3 	 2 	 68.00 	 68.00 	 0.0000 	 22.55 
j3043_1 	 5 	 2 	 75.00 	 75.00 	 0.0000 	 27.62 
j3043_1 	 7 	 2 	 80.00 	 80.00 	 0.0000 	 88.36 
j3043_2 	 3 	 2 	 57.00 	 57.00 	 0.0000 	 3.09 
j3043_2 	 5 	 2 	 63.00 	 63.00 	 0.0000 	 5.00 
j3043_2 	 7 	 2 	 66.00 	 66.00 	 0.0000 	 3.86 
j3043_3 	 3 	 2 	 72.00 	 72.00 	 0.0000 	 24.57 
j3043_3 	 5 	 2 	 80.00 	 80.00 	 0.0000 	 25.85 
j3043_3 	 7 	 2 	 87.00 	 87.00 	 0.0000 	 34.43 
j3043_4 	 3 	 2 	 82.00 	 82.00 	 0.0000 	 2.76 
j3043_4 	 5 	 2 	 91.00 	 91.00 	 0.0000 	 6.13 
j3043_4 	 7 	 2 	 99.00 	 99.00 	 0.0000 	 27.83 
j3043_5 	 3 	 2 	 79.00 	 79.00 	 0.0000 	 34.47 
j3043_5 	 5 	 2 	 88.00 	 88.00 	 0.0000 	 69.16 
j3043_5 	 7 	 2 	 95.00 	 95.00 	 0.0000 	 131.93 
j3043_6 	 3 	 2 	 73.00 	 73.00 	 0.0000 	 5.60 
j3043_6 	 5 	 2 	 82.00 	 82.00 	 0.0000 	 11.17 
j3043_6 	 7 	 2 	 87.00 	 87.00 	 0.0000 	 17.44 
j3043_7 	 3 	 2 	 67.00 	 67.00 	 0.0000 	 3.53 
j3043_7 	 5 	 2 	 75.00 	 75.00 	 0.0000 	 7.59 
j3043_7 	 7 	 2 	 80.00 	 80.00 	 0.0000 	 11.30 
j3043_8 	 3 	 2 	 77.00 	 77.00 	 0.0000 	 12.58 
j3043_8 	 5 	 2 	 85.00 	 85.00 	 0.0000 	 15.16 
j3043_8 	 7 	 2 	 91.00 	 91.00 	 0.0000 	 28.08 
j3043_9 	 3 	 2 	 72.00 	 72.00 	 0.0000 	 47.81 
j3043_9 	 5 	 2 	 80.00 	 80.00 	 0.0000 	 67.90 
j3043_9 	 7 	 2 	 85.00 	 85.00 	 0.0000 	 147.47 
j3043_10 	 3 	 2 	 75.00 	 75.00 	 0.0000 	 31.28 
j3043_10 	 5 	 2 	 83.00 	 83.00 	 0.0000 	 29.79 
j3043_10 	 7 	 2 	 89.00 	 89.00 	 0.0000 	 27.49 
j3044_1 	 3 	 2 	 63.00 	 63.00 	 0.0000 	 1.13 
j3044_1 	 5 	 2 	 69.00 	 69.00 	 0.0000 	 1.96 
j3044_1 	 7 	 2 	 74.00 	 74.00 	 0.0000 	 2.20 
j3044_2 	 3 	 2 	 69.00 	 69.00 	 0.0000 	 1.40 
j3044_2 	 5 	 2 	 78.00 	 78.00 	 0.0000 	 1.78 
j3044_2 	 7 	 2 	 82.00 	 82.00 	 0.0000 	 2.17 
j3044_3 	 3 	 2 	 66.00 	 66.00 	 0.0000 	 0.96 
j3044_3 	 5 	 2 	 74.00 	 74.00 	 0.0000 	 1.19 
j3044_3 	 7 	 2 	 79.00 	 79.00 	 0.0000 	 1.47 
j3044_4 	 3 	 2 	 72.00 	 72.00 	 0.0000 	 1.29 
j3044_4 	 5 	 2 	 81.00 	 81.00 	 0.0000 	 1.77 
j3044_4 	 7 	 2 	 86.00 	 86.00 	 0.0000 	 2.63 
j3044_5 	 3 	 2 	 70.00 	 70.00 	 0.0000 	 0.90 
j3044_5 	 5 	 2 	 78.00 	 78.00 	 0.0000 	 1.15 
j3044_5 	 7 	 2 	 85.00 	 85.00 	 0.0000 	 1.74 
j3044_6 	 3 	 2 	 70.00 	 70.00 	 0.0000 	 1.14 
j3044_6 	 5 	 2 	 76.00 	 76.00 	 0.0000 	 1.68 
j3044_6 	 7 	 2 	 82.00 	 82.00 	 0.0000 	 1.90 
j3044_7 	 3 	 2 	 55.00 	 55.00 	 0.0000 	 1.75 
j3044_7 	 5 	 2 	 61.00 	 61.00 	 0.0000 	 2.30 
j3044_7 	 7 	 2 	 63.00 	 63.00 	 0.0000 	 2.89 
j3044_8 	 3 	 2 	 62.00 	 62.00 	 0.0000 	 1.68 
j3044_8 	 5 	 2 	 69.00 	 69.00 	 0.0000 	 3.57 
j3044_8 	 7 	 2 	 74.00 	 74.00 	 0.0000 	 3.12 
j3044_9 	 3 	 2 	 79.00 	 79.00 	 0.0000 	 0.81 
j3044_9 	 5 	 2 	 86.00 	 86.00 	 0.0000 	 1.00 
j3044_9 	 7 	 2 	 92.00 	 92.00 	 0.0000 	 1.31 
j3044_10 	 3 	 2 	 78.00 	 78.00 	 0.0000 	 0.75 
j3044_10 	 5 	 2 	 88.00 	 88.00 	 0.0000 	 1.81 
j3044_10 	 7 	 2 	 95.00 	 95.00 	 0.0000 	 2.65 
j3045_1 	 3 	 9 	 67.00 	 110.00 	 0.3909 	 1200.03 
j3045_1 	 5 	 9 	 75.00 	 116.00 	 0.3534 	 1200.06 
j3045_1 	 7 	 9 	 81.00 	 116.00 	 0.3017 	 1200.06 
j3045_2 	 3 	 9 	 78.00 	 158.00 	 0.5063 	 1200.07 
j3045_2 	 5 	 9 	 87.00 	 155.00 	 0.4387 	 1200.06 
j3045_2 	 7 	 9 	 93.00 	 inf 	 inf 	 1200.01 
j3045_3 	 3 	 9 	 77.00 	 114.00 	 0.3246 	 1200.02 
j3045_3 	 5 	 9 	 84.00 	 126.00 	 0.3333 	 1200.02 
j3045_3 	 7 	 9 	 92.00 	 134.00 	 0.3134 	 1200.03 
j3045_4 	 3 	 9 	 75.00 	 99.00 	 0.2424 	 1200.03 
j3045_4 	 5 	 9 	 80.00 	 108.00 	 0.2593 	 1200.04 
j3045_4 	 7 	 9 	 87.00 	 119.00 	 0.2689 	 1200.04 
j3045_5 	 3 	 9 	 75.00 	 104.00 	 0.2788 	 1200.04 
j3045_5 	 5 	 9 	 84.00 	 125.00 	 0.3280 	 1200.04 
j3045_5 	 7 	 9 	 88.00 	 122.00 	 0.2787 	 1200.06 
j3045_6 	 3 	 9 	 94.00 	 148.00 	 0.3649 	 1200.03 
j3045_6 	 5 	 9 	 104.00 	 174.00 	 0.4023 	 1200.26 
j3045_6 	 7 	 9 	 112.00 	 193.00 	 0.4197 	 1200.10 
j3045_7 	 3 	 9 	 90.00 	 122.00 	 0.2623 	 1200.05 
j3045_7 	 5 	 9 	 101.00 	 131.00 	 0.2290 	 1200.05 
j3045_7 	 7 	 9 	 108.00 	 141.00 	 0.2340 	 1200.09 
j3045_8 	 3 	 9 	 85.00 	 112.00 	 0.2411 	 1200.03 
j3045_8 	 5 	 9 	 96.00 	 122.00 	 0.2131 	 1200.04 
j3045_8 	 7 	 9 	 100.00 	 129.00 	 0.2248 	 1200.08 
j3045_9 	 3 	 9 	 75.00 	 107.00 	 0.2991 	 1200.03 
j3045_9 	 5 	 9 	 78.00 	 111.00 	 0.2973 	 1200.03 
j3045_9 	 7 	 9 	 84.00 	 125.00 	 0.3280 	 1200.01 
j3045_10 	 3 	 9 	 73.00 	 106.00 	 0.3113 	 1200.04 
j3045_10 	 5 	 9 	 81.00 	 116.00 	 0.3017 	 1200.04 
j3045_10 	 7 	 9 	 88.00 	 128.00 	 0.3125 	 1200.13 
j3046_1 	 3 	 2 	 73.00 	 73.00 	 0.0000 	 234.32 
j3046_1 	 5 	 9 	 80.00 	 81.00 	 0.0123 	 1200.05 
j3046_1 	 7 	 9 	 86.00 	 87.00 	 0.0115 	 1200.04 
j3046_2 	 3 	 9 	 78.00 	 81.00 	 0.0370 	 1200.05 
j3046_2 	 5 	 9 	 86.00 	 89.00 	 0.0337 	 1200.04 
j3046_2 	 7 	 9 	 93.00 	 97.00 	 0.0412 	 1200.04 
j3046_3 	 3 	 2 	 79.00 	 79.00 	 0.0000 	 464.33 
j3046_3 	 5 	 9 	 88.00 	 89.00 	 0.0112 	 1200.03 
j3046_3 	 7 	 2 	 95.00 	 95.00 	 0.0000 	 436.46 
j3046_4 	 3 	 2 	 79.00 	 79.00 	 0.0000 	 831.61 
j3046_4 	 5 	 2 	 87.00 	 87.00 	 0.0000 	 1066.82 
j3046_4 	 7 	 2 	 93.00 	 93.00 	 0.0000 	 508.96 
j3046_5 	 3 	 2 	 72.00 	 72.00 	 0.0000 	 32.31 
j3046_5 	 5 	 2 	 81.00 	 81.00 	 0.0000 	 324.21 
j3046_5 	 7 	 2 	 86.00 	 86.00 	 0.0000 	 129.10 
j3046_6 	 3 	 2 	 73.00 	 73.00 	 0.0000 	 557.12 
j3046_6 	 5 	 2 	 80.00 	 80.00 	 0.0000 	 1037.61 
j3046_6 	 7 	 9 	 85.00 	 87.00 	 0.0230 	 1200.03 
j3046_7 	 3 	 9 	 62.00 	 74.00 	 0.1622 	 1200.03 
j3046_7 	 5 	 9 	 69.00 	 83.00 	 0.1687 	 1200.04 
j3046_7 	 7 	 9 	 72.00 	 87.00 	 0.1724 	 1200.04 
j3046_8 	 3 	 2 	 73.00 	 73.00 	 0.0000 	 878.68 
j3046_8 	 5 	 9 	 77.00 	 81.00 	 0.0494 	 1200.03 
j3046_8 	 7 	 9 	 84.00 	 88.00 	 0.0455 	 1200.04 
j3046_9 	 3 	 2 	 64.00 	 64.00 	 0.0000 	 540.41 
j3046_9 	 5 	 2 	 70.00 	 70.00 	 0.0000 	 970.71 
j3046_9 	 7 	 2 	 74.00 	 74.00 	 0.0000 	 617.59 
j3046_10 	 3 	 9 	 65.00 	 70.00 	 0.0714 	 1200.06 
j3046_10 	 5 	 9 	 72.00 	 77.00 	 0.0649 	 1200.06 
j3046_10 	 7 	 9 	 74.00 	 81.00 	 0.0864 	 1200.04 
j3047_1 	 3 	 2 	 72.00 	 72.00 	 0.0000 	 6.68 
j3047_1 	 5 	 2 	 80.00 	 80.00 	 0.0000 	 8.39 
j3047_1 	 7 	 2 	 85.00 	 85.00 	 0.0000 	 14.86 
j3047_2 	 3 	 2 	 73.00 	 73.00 	 0.0000 	 3.62 
j3047_2 	 5 	 2 	 81.00 	 81.00 	 0.0000 	 3.34 
j3047_2 	 7 	 2 	 87.00 	 87.00 	 0.0000 	 7.73 
j3047_3 	 3 	 2 	 70.00 	 70.00 	 0.0000 	 6.06 
j3047_3 	 5 	 2 	 78.00 	 78.00 	 0.0000 	 7.02 
j3047_3 	 7 	 2 	 84.00 	 84.00 	 0.0000 	 4.97 
j3047_4 	 3 	 2 	 62.00 	 62.00 	 0.0000 	 32.96 
j3047_4 	 5 	 2 	 68.00 	 68.00 	 0.0000 	 31.87 
j3047_4 	 7 	 2 	 72.00 	 72.00 	 0.0000 	 35.72 
j3047_5 	 3 	 2 	 60.00 	 60.00 	 0.0000 	 36.86 
j3047_5 	 5 	 2 	 66.00 	 66.00 	 0.0000 	 44.55 
j3047_5 	 7 	 2 	 70.00 	 70.00 	 0.0000 	 83.64 
j3047_6 	 3 	 2 	 68.00 	 68.00 	 0.0000 	 26.74 
j3047_6 	 5 	 2 	 75.00 	 75.00 	 0.0000 	 33.84 
j3047_6 	 7 	 2 	 79.00 	 79.00 	 0.0000 	 43.57 
j3047_7 	 3 	 2 	 81.00 	 81.00 	 0.0000 	 296.00 
j3047_7 	 5 	 2 	 89.00 	 89.00 	 0.0000 	 235.75 
j3047_7 	 7 	 2 	 96.00 	 96.00 	 0.0000 	 257.17 
j3047_8 	 3 	 2 	 62.00 	 62.00 	 0.0000 	 4.74 
j3047_8 	 5 	 2 	 70.00 	 70.00 	 0.0000 	 3.70 
j3047_8 	 7 	 2 	 73.00 	 73.00 	 0.0000 	 5.20 
j3047_9 	 3 	 2 	 80.00 	 80.00 	 0.0000 	 3.61 
j3047_9 	 5 	 2 	 90.00 	 90.00 	 0.0000 	 14.66 
j3047_9 	 7 	 2 	 97.00 	 97.00 	 0.0000 	 4.11 
j3047_10 	 3 	 2 	 74.00 	 74.00 	 0.0000 	 219.99 
j3047_10 	 5 	 2 	 81.00 	 81.00 	 0.0000 	 330.09 
j3047_10 	 7 	 2 	 86.00 	 86.00 	 0.0000 	 205.39 
j3048_1 	 3 	 2 	 78.00 	 78.00 	 0.0000 	 1.72 
j3048_1 	 5 	 2 	 85.00 	 85.00 	 0.0000 	 1.34 
j3048_1 	 7 	 2 	 91.00 	 91.00 	 0.0000 	 1.67 
j3048_2 	 3 	 2 	 66.00 	 66.00 	 0.0000 	 1.03 
j3048_2 	 5 	 2 	 73.00 	 73.00 	 0.0000 	 2.30 
j3048_2 	 7 	 2 	 78.00 	 78.00 	 0.0000 	 2.74 
j3048_3 	 3 	 2 	 64.00 	 64.00 	 0.0000 	 2.47 
j3048_3 	 5 	 2 	 71.00 	 71.00 	 0.0000 	 2.32 
j3048_3 	 7 	 2 	 76.00 	 76.00 	 0.0000 	 3.04 
j3048_4 	 3 	 2 	 72.00 	 72.00 	 0.0000 	 1.78 
j3048_4 	 5 	 2 	 81.00 	 81.00 	 0.0000 	 1.50 
j3048_4 	 7 	 2 	 86.00 	 86.00 	 0.0000 	 1.55 
j3048_5 	 3 	 2 	 73.00 	 73.00 	 0.0000 	 2.15 
j3048_5 	 5 	 2 	 83.00 	 83.00 	 0.0000 	 2.61 
j3048_5 	 7 	 2 	 89.00 	 89.00 	 0.0000 	 3.02 
j3048_6 	 3 	 2 	 73.00 	 73.00 	 0.0000 	 0.97 
j3048_6 	 5 	 2 	 82.00 	 82.00 	 0.0000 	 1.09 
j3048_6 	 7 	 2 	 87.00 	 87.00 	 0.0000 	 2.15 
j3048_7 	 3 	 2 	 68.00 	 68.00 	 0.0000 	 1.82 
j3048_7 	 5 	 2 	 74.00 	 74.00 	 0.0000 	 2.37 
j3048_7 	 7 	 2 	 80.00 	 80.00 	 0.0000 	 2.81 
j3048_8 	 3 	 2 	 58.00 	 58.00 	 0.0000 	 1.91 
j3048_8 	 5 	 2 	 64.00 	 64.00 	 0.0000 	 1.89 
j3048_8 	 7 	 2 	 68.00 	 68.00 	 0.0000 	 2.08 
j3048_9 	 3 	 2 	 74.00 	 74.00 	 0.0000 	 1.73 
j3048_9 	 5 	 2 	 83.00 	 83.00 	 0.0000 	 2.09 
j3048_9 	 7 	 2 	 89.00 	 89.00 	 0.0000 	 1.50 
j3048_10 	 3 	 2 	 67.00 	 67.00 	 0.0000 	 1.48 
j3048_10 	 5 	 2 	 75.00 	 75.00 	 0.0000 	 1.78 
j3048_10 	 7 	 2 	 82.00 	 82.00 	 0.0000 	 1.52 
