instance 	 Gamma 	 status 	 objbound 	 objval 	 mipgap 	 runtime 
j301_1 	 3 	 2 	 56.00 	 56.00 	 0.0000 	 6.05 
j301_1 	 5 	 2 	 62.00 	 62.00 	 0.0000 	 16.68 
j301_1 	 7 	 2 	 65.00 	 65.00 	 0.0000 	 20.45 
j301_2 	 3 	 2 	 62.00 	 62.00 	 0.0000 	 13.04 
j301_2 	 5 	 2 	 68.00 	 68.00 	 0.0000 	 18.31 
j301_2 	 7 	 2 	 71.00 	 71.00 	 0.0000 	 20.10 
j301_3 	 3 	 2 	 60.00 	 60.00 	 0.0000 	 2.28 
j301_3 	 5 	 2 	 66.00 	 66.00 	 0.0000 	 4.45 
j301_3 	 7 	 2 	 69.00 	 69.00 	 0.0000 	 3.73 
j301_4 	 3 	 2 	 77.00 	 77.00 	 0.0000 	 19.72 
j301_4 	 5 	 2 	 87.00 	 87.00 	 0.0000 	 19.89 
j301_4 	 7 	 2 	 95.00 	 95.00 	 0.0000 	 20.84 
j301_5 	 3 	 2 	 50.00 	 50.00 	 0.0000 	 54.19 
j301_5 	 5 	 2 	 55.00 	 55.00 	 0.0000 	 91.74 
j301_5 	 7 	 2 	 58.00 	 58.00 	 0.0000 	 87.55 
j301_6 	 3 	 2 	 63.00 	 63.00 	 0.0000 	 6.49 
j301_6 	 5 	 2 	 70.00 	 70.00 	 0.0000 	 13.00 
j301_6 	 7 	 2 	 74.00 	 74.00 	 0.0000 	 23.03 
j301_7 	 3 	 2 	 73.00 	 73.00 	 0.0000 	 1.08 
j301_7 	 5 	 2 	 81.00 	 81.00 	 0.0000 	 1.30 
j301_7 	 7 	 2 	 88.00 	 88.00 	 0.0000 	 1.41 
j301_8 	 3 	 2 	 68.00 	 68.00 	 0.0000 	 1.95 
j301_8 	 5 	 2 	 75.00 	 75.00 	 0.0000 	 2.00 
j301_8 	 7 	 2 	 80.00 	 80.00 	 0.0000 	 2.43 
j301_9 	 3 	 2 	 62.00 	 62.00 	 0.0000 	 26.30 
j301_9 	 5 	 2 	 68.00 	 68.00 	 0.0000 	 37.22 
j301_9 	 7 	 2 	 73.00 	 73.00 	 0.0000 	 53.28 
j301_10 	 3 	 2 	 59.00 	 59.00 	 0.0000 	 4.41 
j301_10 	 5 	 2 	 65.00 	 65.00 	 0.0000 	 5.07 
j301_10 	 7 	 2 	 69.00 	 69.00 	 0.0000 	 12.58 
j302_1 	 3 	 2 	 50.00 	 50.00 	 0.0000 	 3.38 
j302_1 	 5 	 2 	 56.00 	 56.00 	 0.0000 	 7.67 
j302_1 	 7 	 2 	 59.00 	 59.00 	 0.0000 	 6.59 
j302_2 	 3 	 2 	 66.00 	 66.00 	 0.0000 	 3.60 
j302_2 	 5 	 2 	 75.00 	 75.00 	 0.0000 	 4.90 
j302_2 	 7 	 2 	 78.00 	 78.00 	 0.0000 	 5.15 
j302_3 	 3 	 2 	 58.00 	 58.00 	 0.0000 	 1.05 
j302_3 	 5 	 2 	 63.00 	 63.00 	 0.0000 	 2.02 
j302_3 	 7 	 2 	 65.00 	 65.00 	 0.0000 	 2.16 
j302_4 	 3 	 2 	 56.00 	 56.00 	 0.0000 	 1.71 
j302_4 	 5 	 2 	 63.00 	 63.00 	 0.0000 	 2.01 
j302_4 	 7 	 2 	 67.00 	 67.00 	 0.0000 	 2.53 
j302_5 	 3 	 2 	 66.00 	 66.00 	 0.0000 	 1.21 
j302_5 	 5 	 2 	 74.00 	 74.00 	 0.0000 	 1.59 
j302_5 	 7 	 2 	 78.00 	 78.00 	 0.0000 	 2.11 
j302_6 	 3 	 2 	 61.00 	 61.00 	 0.0000 	 1.51 
j302_6 	 5 	 2 	 68.00 	 68.00 	 0.0000 	 1.82 
j302_6 	 7 	 2 	 72.00 	 72.00 	 0.0000 	 2.53 
j302_7 	 3 	 2 	 59.00 	 59.00 	 0.0000 	 1.51 
j302_7 	 5 	 2 	 66.00 	 66.00 	 0.0000 	 2.05 
j302_7 	 7 	 2 	 71.00 	 71.00 	 0.0000 	 2.71 
j302_8 	 3 	 2 	 68.00 	 68.00 	 0.0000 	 32.85 
j302_8 	 5 	 2 	 74.00 	 74.00 	 0.0000 	 30.11 
j302_8 	 7 	 2 	 79.00 	 79.00 	 0.0000 	 41.53 
j302_9 	 3 	 2 	 68.00 	 68.00 	 0.0000 	 4.05 
j302_9 	 5 	 2 	 76.00 	 76.00 	 0.0000 	 5.70 
j302_9 	 7 	 2 	 82.00 	 82.00 	 0.0000 	 7.11 
j302_10 	 3 	 2 	 58.00 	 58.00 	 0.0000 	 2.15 
j302_10 	 5 	 2 	 65.00 	 65.00 	 0.0000 	 5.41 
j302_10 	 7 	 2 	 66.00 	 66.00 	 0.0000 	 8.38 
j303_1 	 3 	 2 	 87.00 	 87.00 	 0.0000 	 0.87 
j303_1 	 5 	 2 	 96.00 	 96.00 	 0.0000 	 1.39 
j303_1 	 7 	 2 	 104.00 	 104.00 	 0.0000 	 1.80 
j303_2 	 3 	 2 	 53.00 	 53.00 	 0.0000 	 2.52 
j303_2 	 5 	 2 	 60.00 	 60.00 	 0.0000 	 3.80 
j303_2 	 7 	 2 	 62.00 	 62.00 	 0.0000 	 3.66 
j303_3 	 3 	 2 	 72.00 	 72.00 	 0.0000 	 1.33 
j303_3 	 5 	 2 	 80.00 	 80.00 	 0.0000 	 1.67 
j303_3 	 7 	 2 	 85.00 	 85.00 	 0.0000 	 2.06 
j303_4 	 3 	 2 	 113.00 	 113.00 	 0.0000 	 1.01 
j303_4 	 5 	 2 	 123.00 	 123.00 	 0.0000 	 1.51 
j303_4 	 7 	 2 	 132.00 	 132.00 	 0.0000 	 1.85 
j303_5 	 3 	 2 	 68.00 	 68.00 	 0.0000 	 2.15 
j303_5 	 5 	 2 	 77.00 	 77.00 	 0.0000 	 2.94 
j303_5 	 7 	 2 	 81.00 	 81.00 	 0.0000 	 3.21 
j303_6 	 3 	 2 	 69.00 	 69.00 	 0.0000 	 1.42 
j303_6 	 5 	 2 	 77.00 	 77.00 	 0.0000 	 1.65 
j303_6 	 7 	 2 	 80.00 	 80.00 	 0.0000 	 3.23 
j303_7 	 3 	 2 	 62.00 	 62.00 	 0.0000 	 1.56 
j303_7 	 5 	 2 	 69.00 	 69.00 	 0.0000 	 2.28 
j303_7 	 7 	 2 	 72.00 	 72.00 	 0.0000 	 2.24 
j303_8 	 3 	 2 	 69.00 	 69.00 	 0.0000 	 1.44 
j303_8 	 5 	 2 	 76.00 	 76.00 	 0.0000 	 1.71 
j303_8 	 7 	 2 	 81.00 	 81.00 	 0.0000 	 1.95 
j303_9 	 3 	 2 	 80.00 	 80.00 	 0.0000 	 3.49 
j303_9 	 5 	 2 	 89.00 	 89.00 	 0.0000 	 3.97 
j303_9 	 7 	 2 	 96.00 	 96.00 	 0.0000 	 7.54 
j303_10 	 3 	 2 	 73.00 	 73.00 	 0.0000 	 1.86 
j303_10 	 5 	 2 	 81.00 	 81.00 	 0.0000 	 2.64 
j303_10 	 7 	 2 	 88.00 	 88.00 	 0.0000 	 3.92 
j304_1 	 3 	 2 	 62.00 	 62.00 	 0.0000 	 0.88 
j304_1 	 5 	 2 	 70.00 	 70.00 	 0.0000 	 1.46 
j304_1 	 7 	 2 	 75.00 	 75.00 	 0.0000 	 1.73 
j304_2 	 3 	 2 	 73.00 	 73.00 	 0.0000 	 1.26 
j304_2 	 5 	 2 	 80.00 	 80.00 	 0.0000 	 1.36 
j304_2 	 7 	 2 	 86.00 	 86.00 	 0.0000 	 1.66 
j304_3 	 3 	 2 	 61.00 	 61.00 	 0.0000 	 1.23 
j304_3 	 5 	 2 	 67.00 	 67.00 	 0.0000 	 1.82 
j304_3 	 7 	 2 	 72.00 	 72.00 	 0.0000 	 2.55 
j304_4 	 3 	 2 	 72.00 	 72.00 	 0.0000 	 0.64 
j304_4 	 5 	 2 	 80.00 	 80.00 	 0.0000 	 0.87 
j304_4 	 7 	 2 	 85.00 	 85.00 	 0.0000 	 1.41 
j304_5 	 3 	 2 	 74.00 	 74.00 	 0.0000 	 1.67 
j304_5 	 5 	 2 	 83.00 	 83.00 	 0.0000 	 2.20 
j304_5 	 7 	 2 	 88.00 	 88.00 	 0.0000 	 2.45 
j304_6 	 3 	 2 	 60.00 	 60.00 	 0.0000 	 0.91 
j304_6 	 5 	 2 	 68.00 	 68.00 	 0.0000 	 1.46 
j304_6 	 7 	 2 	 69.00 	 69.00 	 0.0000 	 1.57 
j304_7 	 3 	 2 	 69.00 	 69.00 	 0.0000 	 1.18 
j304_7 	 5 	 2 	 76.00 	 76.00 	 0.0000 	 1.75 
j304_7 	 7 	 2 	 82.00 	 82.00 	 0.0000 	 2.37 
j304_8 	 3 	 2 	 70.00 	 70.00 	 0.0000 	 0.79 
j304_8 	 5 	 2 	 77.00 	 77.00 	 0.0000 	 0.97 
j304_8 	 7 	 2 	 83.00 	 83.00 	 0.0000 	 1.87 
j304_9 	 3 	 2 	 51.00 	 51.00 	 0.0000 	 1.50 
j304_9 	 5 	 2 	 56.00 	 56.00 	 0.0000 	 3.88 
j304_9 	 7 	 2 	 58.00 	 58.00 	 0.0000 	 1.79 
j304_10 	 3 	 2 	 62.00 	 62.00 	 0.0000 	 1.36 
j304_10 	 5 	 2 	 70.00 	 70.00 	 0.0000 	 1.88 
j304_10 	 7 	 2 	 73.00 	 73.00 	 0.0000 	 2.25 
j305_1 	 3 	 2 	 66.00 	 66.00 	 0.0000 	 847.05 
j305_1 	 5 	 9 	 63.00 	 73.00 	 0.1370 	 1200.04 
j305_1 	 7 	 9 	 69.00 	 78.00 	 0.1154 	 1200.06 
j305_2 	 3 	 9 	 84.00 	 98.00 	 0.1429 	 1200.04 
j305_2 	 5 	 9 	 91.00 	 106.00 	 0.1415 	 1200.19 
j305_2 	 7 	 9 	 98.00 	 113.00 	 0.1327 	 1200.04 
j305_3 	 3 	 9 	 78.00 	 98.00 	 0.2041 	 1200.04 
j305_3 	 5 	 9 	 80.00 	 107.00 	 0.2523 	 1200.05 
j305_3 	 7 	 9 	 89.00 	 115.00 	 0.2261 	 1200.07 
j305_4 	 3 	 9 	 69.00 	 80.00 	 0.1375 	 1200.05 
j305_4 	 5 	 9 	 71.00 	 87.00 	 0.1839 	 1200.04 
j305_4 	 7 	 9 	 76.00 	 95.00 	 0.2000 	 1200.04 
j305_5 	 3 	 2 	 91.00 	 91.00 	 0.0000 	 627.26 
j305_5 	 5 	 9 	 88.00 	 110.00 	 0.2000 	 1200.01 
j305_5 	 7 	 9 	 94.00 	 112.00 	 0.1607 	 1200.01 
j305_6 	 3 	 9 	 75.00 	 81.00 	 0.0741 	 1200.03 
j305_6 	 5 	 9 	 77.00 	 95.00 	 0.1895 	 1200.08 
j305_6 	 7 	 9 	 81.00 	 103.00 	 0.2136 	 1200.04 
j305_7 	 3 	 9 	 73.00 	 99.00 	 0.2626 	 1200.02 
j305_7 	 5 	 9 	 81.00 	 103.00 	 0.2136 	 1200.05 
j305_7 	 7 	 9 	 82.00 	 111.00 	 0.2613 	 1200.02 
j305_8 	 3 	 9 	 71.00 	 86.00 	 0.1744 	 1200.08 
j305_8 	 5 	 9 	 78.00 	 95.00 	 0.1789 	 1200.05 
j305_8 	 7 	 9 	 84.00 	 103.00 	 0.1845 	 1200.03 
j305_9 	 3 	 2 	 64.00 	 64.00 	 0.0000 	 931.47 
j305_9 	 5 	 2 	 70.00 	 70.00 	 0.0000 	 982.99 
j305_9 	 7 	 2 	 74.00 	 74.00 	 0.0000 	 1127.27 
j305_10 	 3 	 2 	 85.00 	 85.00 	 0.0000 	 680.03 
j305_10 	 5 	 2 	 94.00 	 94.00 	 0.0000 	 443.80 
j305_10 	 7 	 2 	 101.00 	 101.00 	 0.0000 	 936.94 
j306_1 	 3 	 2 	 74.00 	 74.00 	 0.0000 	 113.27 
j306_1 	 5 	 2 	 82.00 	 82.00 	 0.0000 	 313.41 
j306_1 	 7 	 2 	 88.00 	 88.00 	 0.0000 	 181.16 
j306_2 	 3 	 2 	 66.00 	 66.00 	 0.0000 	 149.72 
j306_2 	 5 	 2 	 73.00 	 73.00 	 0.0000 	 399.02 
j306_2 	 7 	 2 	 77.00 	 77.00 	 0.0000 	 575.64 
j306_3 	 3 	 2 	 61.00 	 61.00 	 0.0000 	 16.13 
j306_3 	 5 	 2 	 68.00 	 68.00 	 0.0000 	 18.94 
j306_3 	 7 	 2 	 73.00 	 73.00 	 0.0000 	 27.30 
j306_4 	 3 	 2 	 55.00 	 55.00 	 0.0000 	 81.52 
j306_4 	 5 	 2 	 62.00 	 62.00 	 0.0000 	 82.21 
j306_4 	 7 	 2 	 65.00 	 65.00 	 0.0000 	 522.78 
j306_5 	 3 	 2 	 82.00 	 82.00 	 0.0000 	 41.07 
j306_5 	 5 	 2 	 90.00 	 90.00 	 0.0000 	 35.84 
j306_5 	 7 	 2 	 98.00 	 98.00 	 0.0000 	 80.84 
j306_6 	 3 	 2 	 47.00 	 47.00 	 0.0000 	 12.52 
j306_6 	 5 	 2 	 52.00 	 52.00 	 0.0000 	 13.88 
j306_6 	 7 	 2 	 56.00 	 56.00 	 0.0000 	 12.86 
j306_7 	 3 	 2 	 60.00 	 60.00 	 0.0000 	 13.62 
j306_7 	 5 	 2 	 66.00 	 66.00 	 0.0000 	 21.55 
j306_7 	 7 	 2 	 70.00 	 70.00 	 0.0000 	 21.42 
j306_8 	 3 	 2 	 53.00 	 53.00 	 0.0000 	 23.87 
j306_8 	 5 	 2 	 59.00 	 59.00 	 0.0000 	 33.25 
j306_8 	 7 	 2 	 60.00 	 60.00 	 0.0000 	 65.19 
j306_9 	 3 	 2 	 64.00 	 64.00 	 0.0000 	 8.38 
j306_9 	 5 	 2 	 72.00 	 72.00 	 0.0000 	 15.83 
j306_9 	 7 	 2 	 77.00 	 77.00 	 0.0000 	 27.23 
j306_10 	 3 	 2 	 76.00 	 76.00 	 0.0000 	 36.04 
j306_10 	 5 	 2 	 84.00 	 84.00 	 0.0000 	 56.37 
j306_10 	 7 	 2 	 90.00 	 90.00 	 0.0000 	 67.32 
j307_1 	 3 	 2 	 70.00 	 70.00 	 0.0000 	 1.71 
j307_1 	 5 	 2 	 76.00 	 76.00 	 0.0000 	 2.18 
j307_1 	 7 	 2 	 81.00 	 81.00 	 0.0000 	 2.73 
j307_2 	 3 	 2 	 56.00 	 56.00 	 0.0000 	 1.66 
j307_2 	 5 	 2 	 62.00 	 62.00 	 0.0000 	 3.22 
j307_2 	 7 	 2 	 65.00 	 65.00 	 0.0000 	 3.46 
j307_3 	 3 	 2 	 55.00 	 55.00 	 0.0000 	 2.84 
j307_3 	 5 	 2 	 60.00 	 60.00 	 0.0000 	 3.79 
j307_3 	 7 	 2 	 63.00 	 63.00 	 0.0000 	 3.94 
j307_4 	 3 	 2 	 56.00 	 56.00 	 0.0000 	 3.45 
j307_4 	 5 	 2 	 62.00 	 62.00 	 0.0000 	 4.97 
j307_4 	 7 	 2 	 67.00 	 67.00 	 0.0000 	 16.23 
j307_5 	 3 	 2 	 58.00 	 58.00 	 0.0000 	 9.04 
j307_5 	 5 	 2 	 65.00 	 65.00 	 0.0000 	 17.91 
j307_5 	 7 	 2 	 68.00 	 68.00 	 0.0000 	 15.83 
j307_6 	 3 	 2 	 47.00 	 47.00 	 0.0000 	 1.89 
j307_6 	 5 	 2 	 52.00 	 52.00 	 0.0000 	 2.35 
j307_6 	 7 	 2 	 55.00 	 55.00 	 0.0000 	 2.69 
j307_7 	 3 	 2 	 65.00 	 65.00 	 0.0000 	 15.30 
j307_7 	 5 	 2 	 71.00 	 71.00 	 0.0000 	 12.00 
j307_7 	 7 	 2 	 75.00 	 75.00 	 0.0000 	 13.22 
j307_8 	 3 	 2 	 56.00 	 56.00 	 0.0000 	 3.80 
j307_8 	 5 	 2 	 63.00 	 63.00 	 0.0000 	 3.11 
j307_8 	 7 	 2 	 67.00 	 67.00 	 0.0000 	 44.50 
j307_9 	 3 	 2 	 75.00 	 75.00 	 0.0000 	 10.14 
j307_9 	 5 	 2 	 83.00 	 83.00 	 0.0000 	 18.75 
j307_9 	 7 	 2 	 88.00 	 88.00 	 0.0000 	 15.36 
j307_10 	 3 	 2 	 62.00 	 62.00 	 0.0000 	 13.30 
j307_10 	 5 	 2 	 68.00 	 68.00 	 0.0000 	 37.13 
j307_10 	 7 	 2 	 72.00 	 72.00 	 0.0000 	 35.81 
j308_1 	 3 	 2 	 59.00 	 59.00 	 0.0000 	 1.12 
j308_1 	 5 	 2 	 67.00 	 67.00 	 0.0000 	 1.70 
j308_1 	 7 	 2 	 68.00 	 68.00 	 0.0000 	 1.90 
j308_2 	 3 	 2 	 64.00 	 64.00 	 0.0000 	 0.90 
j308_2 	 5 	 2 	 71.00 	 71.00 	 0.0000 	 1.69 
j308_2 	 7 	 2 	 77.00 	 77.00 	 0.0000 	 2.10 
j308_3 	 3 	 2 	 66.00 	 66.00 	 0.0000 	 1.83 
j308_3 	 5 	 2 	 73.00 	 73.00 	 0.0000 	 2.38 
j308_3 	 7 	 2 	 79.00 	 79.00 	 0.0000 	 2.33 
j308_4 	 3 	 2 	 61.00 	 61.00 	 0.0000 	 1.62 
j308_4 	 5 	 2 	 68.00 	 68.00 	 0.0000 	 2.20 
j308_4 	 7 	 2 	 72.00 	 72.00 	 0.0000 	 2.78 
j308_5 	 3 	 2 	 73.00 	 73.00 	 0.0000 	 1.22 
j308_5 	 5 	 2 	 80.00 	 80.00 	 0.0000 	 1.62 
j308_5 	 7 	 2 	 85.00 	 85.00 	 0.0000 	 1.83 
j308_6 	 3 	 2 	 62.00 	 62.00 	 0.0000 	 1.54 
j308_6 	 5 	 2 	 68.00 	 68.00 	 0.0000 	 3.85 
j308_6 	 7 	 2 	 72.00 	 72.00 	 0.0000 	 2.25 
j308_7 	 3 	 2 	 53.00 	 53.00 	 0.0000 	 1.33 
j308_7 	 5 	 2 	 59.00 	 59.00 	 0.0000 	 1.88 
j308_7 	 7 	 2 	 62.00 	 62.00 	 0.0000 	 3.25 
j308_8 	 3 	 2 	 66.00 	 66.00 	 0.0000 	 1.49 
j308_8 	 5 	 2 	 73.00 	 73.00 	 0.0000 	 2.20 
j308_8 	 7 	 2 	 78.00 	 78.00 	 0.0000 	 2.48 
j308_9 	 3 	 2 	 51.00 	 51.00 	 0.0000 	 1.77 
j308_9 	 5 	 2 	 57.00 	 57.00 	 0.0000 	 2.20 
j308_9 	 7 	 2 	 60.00 	 60.00 	 0.0000 	 2.72 
j308_10 	 3 	 2 	 81.00 	 81.00 	 0.0000 	 1.22 
j308_10 	 5 	 2 	 89.00 	 89.00 	 0.0000 	 1.33 
j308_10 	 7 	 2 	 96.00 	 96.00 	 0.0000 	 1.78 
j309_1 	 3 	 9 	 76.00 	 104.00 	 0.2692 	 1200.03 
j309_1 	 5 	 9 	 77.00 	 112.00 	 0.3125 	 1200.09 
j309_1 	 7 	 9 	 83.00 	 120.00 	 0.3083 	 1200.14 
j309_2 	 3 	 9 	 61.00 	 111.00 	 0.4505 	 1200.04 
j309_2 	 5 	 9 	 66.00 	 126.00 	 0.4762 	 1200.05 
j309_2 	 7 	 9 	 71.00 	 134.00 	 0.4701 	 1200.04 
j309_3 	 3 	 9 	 70.00 	 95.00 	 0.2632 	 1200.01 
j309_3 	 5 	 9 	 78.00 	 103.00 	 0.2427 	 1200.06 
j309_3 	 7 	 9 	 83.00 	 110.00 	 0.2455 	 1200.05 
j309_4 	 3 	 9 	 67.00 	 99.00 	 0.3232 	 1200.04 
j309_4 	 5 	 9 	 76.00 	 105.00 	 0.2762 	 1200.02 
j309_4 	 7 	 9 	 80.00 	 115.00 	 0.3043 	 1200.22 
j309_5 	 3 	 9 	 70.00 	 87.00 	 0.1954 	 1200.04 
j309_5 	 5 	 9 	 80.00 	 94.00 	 0.1489 	 1200.03 
j309_5 	 7 	 9 	 82.00 	 100.00 	 0.1800 	 1200.04 
j309_6 	 3 	 9 	 61.00 	 76.00 	 0.1974 	 1200.09 
j309_6 	 5 	 9 	 69.00 	 88.00 	 0.2159 	 1200.22 
j309_6 	 7 	 9 	 72.00 	 97.00 	 0.2577 	 1200.01 
j309_7 	 3 	 9 	 55.00 	 87.00 	 0.3678 	 1200.05 
j309_7 	 5 	 9 	 61.00 	 95.00 	 0.3579 	 1200.14 
j309_7 	 7 	 9 	 63.00 	 102.00 	 0.3824 	 1200.01 
j309_8 	 3 	 9 	 74.00 	 121.00 	 0.3884 	 1200.03 
j309_8 	 5 	 9 	 83.00 	 122.00 	 0.3197 	 1200.22 
j309_8 	 7 	 9 	 87.00 	 132.00 	 0.3409 	 1200.03 
j309_9 	 3 	 9 	 55.00 	 87.00 	 0.3678 	 1200.06 
j309_9 	 5 	 9 	 61.00 	 96.00 	 0.3646 	 1200.01 
j309_9 	 7 	 9 	 63.00 	 102.00 	 0.3824 	 1200.07 
j309_10 	 3 	 9 	 78.00 	 105.00 	 0.2571 	 1200.04 
j309_10 	 5 	 9 	 85.00 	 113.00 	 0.2478 	 1200.04 
j309_10 	 7 	 9 	 92.00 	 131.00 	 0.2977 	 1200.02 
j3010_1 	 3 	 2 	 56.00 	 56.00 	 0.0000 	 14.11 
j3010_1 	 5 	 2 	 61.00 	 61.00 	 0.0000 	 13.43 
j3010_1 	 7 	 2 	 64.00 	 64.00 	 0.0000 	 21.71 
j3010_2 	 3 	 2 	 70.00 	 70.00 	 0.0000 	 854.33 
j3010_2 	 5 	 2 	 78.00 	 78.00 	 0.0000 	 340.97 
j3010_2 	 7 	 2 	 83.00 	 83.00 	 0.0000 	 1057.81 
j3010_3 	 3 	 2 	 77.00 	 77.00 	 0.0000 	 427.99 
j3010_3 	 5 	 9 	 85.00 	 86.00 	 0.0116 	 1200.04 
j3010_3 	 7 	 9 	 92.00 	 93.00 	 0.0108 	 1200.05 
j3010_4 	 3 	 9 	 72.00 	 73.00 	 0.0137 	 1200.04 
j3010_4 	 5 	 2 	 81.00 	 81.00 	 0.0000 	 659.61 
j3010_4 	 7 	 2 	 86.00 	 86.00 	 0.0000 	 1026.03 
j3010_5 	 3 	 2 	 54.00 	 54.00 	 0.0000 	 1026.48 
j3010_5 	 5 	 2 	 60.00 	 60.00 	 0.0000 	 841.65 
j3010_5 	 7 	 9 	 63.00 	 64.00 	 0.0156 	 1200.05 
j3010_6 	 3 	 9 	 53.00 	 59.00 	 0.1017 	 1200.04 
j3010_6 	 5 	 9 	 59.00 	 65.00 	 0.0923 	 1200.04 
j3010_6 	 7 	 9 	 62.00 	 68.00 	 0.0882 	 1200.05 
j3010_7 	 3 	 2 	 63.00 	 63.00 	 0.0000 	 60.41 
j3010_7 	 5 	 2 	 71.00 	 71.00 	 0.0000 	 81.69 
j3010_7 	 7 	 2 	 76.00 	 76.00 	 0.0000 	 84.72 
j3010_8 	 3 	 9 	 63.00 	 68.00 	 0.0735 	 1200.04 
j3010_8 	 5 	 9 	 71.00 	 77.00 	 0.0779 	 1200.06 
j3010_8 	 7 	 9 	 77.00 	 83.00 	 0.0723 	 1200.06 
j3010_9 	 3 	 2 	 64.00 	 64.00 	 0.0000 	 3.21 
j3010_9 	 5 	 2 	 72.00 	 72.00 	 0.0000 	 7.13 
j3010_9 	 7 	 2 	 75.00 	 75.00 	 0.0000 	 11.36 
j3010_10 	 3 	 2 	 54.00 	 54.00 	 0.0000 	 256.20 
j3010_10 	 5 	 2 	 60.00 	 60.00 	 0.0000 	 164.42 
j3010_10 	 7 	 2 	 63.00 	 63.00 	 0.0000 	 444.56 
j3011_1 	 3 	 2 	 68.00 	 68.00 	 0.0000 	 51.10 
j3011_1 	 5 	 2 	 75.00 	 75.00 	 0.0000 	 21.57 
j3011_1 	 7 	 2 	 80.00 	 80.00 	 0.0000 	 49.36 
j3011_2 	 3 	 2 	 71.00 	 71.00 	 0.0000 	 19.75 
j3011_2 	 5 	 2 	 79.00 	 79.00 	 0.0000 	 16.19 
j3011_2 	 7 	 2 	 84.00 	 84.00 	 0.0000 	 17.37 
j3011_3 	 3 	 2 	 96.00 	 96.00 	 0.0000 	 3.14 
j3011_3 	 5 	 2 	 104.00 	 104.00 	 0.0000 	 4.24 
j3011_3 	 7 	 2 	 112.00 	 112.00 	 0.0000 	 16.29 
j3011_4 	 3 	 2 	 78.00 	 78.00 	 0.0000 	 37.31 
j3011_4 	 5 	 2 	 86.00 	 86.00 	 0.0000 	 41.06 
j3011_4 	 7 	 2 	 94.00 	 94.00 	 0.0000 	 78.10 
j3011_5 	 3 	 2 	 63.00 	 63.00 	 0.0000 	 331.96 
j3011_5 	 5 	 9 	 69.00 	 70.00 	 0.0143 	 1200.07 
j3011_5 	 7 	 9 	 74.00 	 75.00 	 0.0133 	 1200.05 
j3011_6 	 3 	 2 	 56.00 	 56.00 	 0.0000 	 8.93 
j3011_6 	 5 	 2 	 62.00 	 62.00 	 0.0000 	 12.78 
j3011_6 	 7 	 2 	 66.00 	 66.00 	 0.0000 	 12.98 
j3011_7 	 3 	 2 	 49.00 	 49.00 	 0.0000 	 35.04 
j3011_7 	 5 	 2 	 54.00 	 54.00 	 0.0000 	 534.09 
j3011_7 	 7 	 2 	 55.00 	 55.00 	 0.0000 	 137.73 
j3011_8 	 3 	 2 	 77.00 	 77.00 	 0.0000 	 11.73 
j3011_8 	 5 	 2 	 85.00 	 85.00 	 0.0000 	 15.46 
j3011_8 	 7 	 2 	 92.00 	 92.00 	 0.0000 	 27.09 
j3011_9 	 3 	 2 	 82.00 	 82.00 	 0.0000 	 1.91 
j3011_9 	 5 	 2 	 91.00 	 91.00 	 0.0000 	 2.40 
j3011_9 	 7 	 2 	 98.00 	 98.00 	 0.0000 	 2.97 
j3011_10 	 3 	 2 	 50.00 	 50.00 	 0.0000 	 4.42 
j3011_10 	 5 	 2 	 56.00 	 56.00 	 0.0000 	 12.85 
j3011_10 	 7 	 2 	 59.00 	 59.00 	 0.0000 	 10.05 
j3012_1 	 3 	 2 	 61.00 	 61.00 	 0.0000 	 1.25 
j3012_1 	 5 	 2 	 69.00 	 69.00 	 0.0000 	 2.13 
j3012_1 	 7 	 2 	 72.00 	 72.00 	 0.0000 	 2.59 
j3012_2 	 3 	 2 	 60.00 	 60.00 	 0.0000 	 2.82 
j3012_2 	 5 	 2 	 68.00 	 68.00 	 0.0000 	 3.02 
j3012_2 	 7 	 2 	 71.00 	 71.00 	 0.0000 	 2.58 
j3012_3 	 3 	 2 	 49.00 	 49.00 	 0.0000 	 1.40 
j3012_3 	 5 	 2 	 55.00 	 55.00 	 0.0000 	 2.38 
j3012_3 	 7 	 2 	 57.00 	 57.00 	 0.0000 	 2.08 
j3012_4 	 3 	 2 	 78.00 	 78.00 	 0.0000 	 1.17 
j3012_4 	 5 	 2 	 87.00 	 87.00 	 0.0000 	 1.73 
j3012_4 	 7 	 2 	 93.00 	 93.00 	 0.0000 	 2.59 
j3012_5 	 3 	 2 	 62.00 	 62.00 	 0.0000 	 1.91 
j3012_5 	 5 	 2 	 69.00 	 69.00 	 0.0000 	 2.98 
j3012_5 	 7 	 2 	 72.00 	 72.00 	 0.0000 	 3.20 
j3012_6 	 3 	 2 	 68.00 	 68.00 	 0.0000 	 1.77 
j3012_6 	 5 	 2 	 74.00 	 74.00 	 0.0000 	 4.19 
j3012_6 	 7 	 2 	 79.00 	 79.00 	 0.0000 	 2.97 
j3012_7 	 3 	 2 	 70.00 	 70.00 	 0.0000 	 1.70 
j3012_7 	 5 	 2 	 78.00 	 78.00 	 0.0000 	 2.38 
j3012_7 	 7 	 2 	 82.00 	 82.00 	 0.0000 	 3.22 
j3012_8 	 3 	 2 	 49.00 	 49.00 	 0.0000 	 1.73 
j3012_8 	 5 	 2 	 53.00 	 53.00 	 0.0000 	 2.84 
j3012_8 	 7 	 2 	 54.00 	 54.00 	 0.0000 	 2.38 
j3012_9 	 3 	 2 	 67.00 	 67.00 	 0.0000 	 1.37 
j3012_9 	 5 	 2 	 75.00 	 75.00 	 0.0000 	 3.08 
j3012_9 	 7 	 2 	 80.00 	 80.00 	 0.0000 	 3.01 
j3012_10 	 3 	 2 	 71.00 	 71.00 	 0.0000 	 2.02 
j3012_10 	 5 	 2 	 79.00 	 79.00 	 0.0000 	 2.50 
j3012_10 	 7 	 2 	 86.00 	 86.00 	 0.0000 	 2.42 
j3013_1 	 3 	 9 	 50.00 	 81.00 	 0.3827 	 1200.24 
j3013_1 	 5 	 9 	 55.00 	 90.00 	 0.3889 	 1200.31 
j3013_1 	 7 	 9 	 55.00 	 96.00 	 0.4271 	 1200.02 
j3013_2 	 3 	 9 	 48.00 	 88.00 	 0.4545 	 1200.01 
j3013_2 	 5 	 9 	 54.00 	 96.00 	 0.4375 	 1200.05 
j3013_2 	 7 	 9 	 55.00 	 99.00 	 0.4444 	 1200.12 
j3013_3 	 3 	 9 	 60.00 	 102.00 	 0.4118 	 1200.01 
j3013_3 	 5 	 9 	 66.00 	 111.00 	 0.4054 	 1200.02 
j3013_3 	 7 	 9 	 70.00 	 119.00 	 0.4118 	 1200.26 
j3013_4 	 3 	 9 	 63.00 	 103.00 	 0.3883 	 1200.01 
j3013_4 	 5 	 9 	 69.00 	 111.00 	 0.3784 	 1200.03 
j3013_4 	 7 	 9 	 74.00 	 108.00 	 0.3148 	 1200.02 
j3013_5 	 3 	 9 	 57.00 	 95.00 	 0.4000 	 1200.17 
j3013_5 	 5 	 9 	 63.00 	 103.00 	 0.3883 	 1200.01 
j3013_5 	 7 	 9 	 66.00 	 111.00 	 0.4054 	 1200.02 
j3013_6 	 3 	 9 	 57.00 	 84.00 	 0.3214 	 1200.33 
j3013_6 	 5 	 9 	 64.00 	 99.00 	 0.3535 	 1200.17 
j3013_6 	 7 	 9 	 67.00 	 105.00 	 0.3619 	 1200.02 
j3013_7 	 3 	 9 	 63.00 	 103.00 	 0.3883 	 1200.05 
j3013_7 	 5 	 9 	 69.00 	 112.00 	 0.3839 	 1200.01 
j3013_7 	 7 	 9 	 74.00 	 121.00 	 0.3884 	 1200.01 
j3013_8 	 3 	 9 	 71.00 	 137.00 	 0.4818 	 1200.09 
j3013_8 	 5 	 9 	 82.00 	 147.00 	 0.4422 	 1200.04 
j3013_8 	 7 	 9 	 86.00 	 156.00 	 0.4487 	 1200.41 
j3013_9 	 3 	 9 	 65.00 	 96.00 	 0.3229 	 1200.13 
j3013_9 	 5 	 9 	 72.00 	 109.00 	 0.3394 	 1200.01 
j3013_9 	 7 	 9 	 75.00 	 116.00 	 0.3534 	 1200.01 
j3013_10 	 3 	 9 	 66.00 	 79.00 	 0.1646 	 1200.02 
j3013_10 	 5 	 9 	 74.00 	 91.00 	 0.1868 	 1200.03 
j3013_10 	 7 	 9 	 78.00 	 98.00 	 0.2041 	 1200.01 
j3014_1 	 3 	 2 	 63.00 	 63.00 	 0.0000 	 631.22 
j3014_1 	 5 	 9 	 69.00 	 70.00 	 0.0143 	 1200.04 
j3014_1 	 7 	 9 	 71.00 	 75.00 	 0.0533 	 1200.04 
j3014_2 	 3 	 9 	 61.00 	 70.00 	 0.1286 	 1200.04 
j3014_2 	 5 	 9 	 68.00 	 78.00 	 0.1282 	 1200.05 
j3014_2 	 7 	 9 	 72.00 	 84.00 	 0.1429 	 1200.04 
j3014_3 	 3 	 2 	 73.00 	 73.00 	 0.0000 	 241.57 
j3014_3 	 5 	 2 	 81.00 	 81.00 	 0.0000 	 293.29 
j3014_3 	 7 	 2 	 88.00 	 88.00 	 0.0000 	 853.30 
j3014_4 	 3 	 9 	 62.00 	 64.00 	 0.0312 	 1200.03 
j3014_4 	 5 	 9 	 67.00 	 69.00 	 0.0290 	 1200.03 
j3014_4 	 7 	 9 	 71.00 	 72.00 	 0.0139 	 1200.05 
j3014_5 	 3 	 9 	 66.00 	 67.00 	 0.0149 	 1200.14 
j3014_5 	 5 	 9 	 73.00 	 74.00 	 0.0135 	 1200.04 
j3014_5 	 7 	 2 	 78.00 	 78.00 	 0.0000 	 642.44 
j3014_6 	 3 	 2 	 45.00 	 45.00 	 0.0000 	 547.68 
j3014_6 	 5 	 2 	 50.00 	 50.00 	 0.0000 	 604.19 
j3014_6 	 7 	 9 	 53.00 	 54.00 	 0.0185 	 1200.03 
j3014_7 	 3 	 9 	 60.00 	 63.00 	 0.0476 	 1200.03 
j3014_7 	 5 	 9 	 66.00 	 71.00 	 0.0704 	 1200.05 
j3014_7 	 7 	 9 	 71.00 	 77.00 	 0.0779 	 1200.07 
j3014_8 	 3 	 2 	 69.00 	 69.00 	 0.0000 	 3.76 
j3014_8 	 5 	 2 	 77.00 	 77.00 	 0.0000 	 4.30 
j3014_8 	 7 	 2 	 82.00 	 82.00 	 0.0000 	 5.31 
j3014_9 	 3 	 9 	 58.00 	 63.00 	 0.0794 	 1200.04 
j3014_9 	 5 	 9 	 64.00 	 69.00 	 0.0725 	 1200.04 
j3014_9 	 7 	 9 	 67.00 	 73.00 	 0.0822 	 1200.06 
j3014_10 	 3 	 9 	 74.00 	 75.00 	 0.0133 	 1200.04 
j3014_10 	 5 	 2 	 82.00 	 82.00 	 0.0000 	 39.98 
j3014_10 	 7 	 2 	 90.00 	 90.00 	 0.0000 	 139.80 
j3015_1 	 3 	 2 	 61.00 	 61.00 	 0.0000 	 2.40 
j3015_1 	 5 	 2 	 66.00 	 66.00 	 0.0000 	 6.69 
j3015_1 	 7 	 2 	 69.00 	 69.00 	 0.0000 	 6.61 
j3015_2 	 3 	 2 	 61.00 	 61.00 	 0.0000 	 5.68 
j3015_2 	 5 	 2 	 67.00 	 67.00 	 0.0000 	 7.64 
j3015_2 	 7 	 2 	 70.00 	 70.00 	 0.0000 	 4.67 
j3015_3 	 3 	 2 	 63.00 	 63.00 	 0.0000 	 1.78 
j3015_3 	 5 	 2 	 69.00 	 69.00 	 0.0000 	 5.49 
j3015_3 	 7 	 2 	 71.00 	 71.00 	 0.0000 	 35.91 
j3015_4 	 3 	 2 	 62.00 	 62.00 	 0.0000 	 1.86 
j3015_4 	 5 	 2 	 70.00 	 70.00 	 0.0000 	 1.95 
j3015_4 	 7 	 2 	 74.00 	 74.00 	 0.0000 	 3.43 
j3015_5 	 3 	 9 	 71.00 	 74.00 	 0.0405 	 1200.03 
j3015_5 	 5 	 9 	 79.00 	 82.00 	 0.0366 	 1200.03 
j3015_5 	 7 	 9 	 84.00 	 87.00 	 0.0345 	 1200.05 
j3015_6 	 3 	 2 	 82.00 	 82.00 	 0.0000 	 3.24 
j3015_6 	 5 	 2 	 90.00 	 90.00 	 0.0000 	 13.77 
j3015_6 	 7 	 2 	 98.00 	 98.00 	 0.0000 	 12.93 
j3015_7 	 3 	 2 	 60.00 	 60.00 	 0.0000 	 5.89 
j3015_7 	 5 	 2 	 66.00 	 66.00 	 0.0000 	 9.35 
j3015_7 	 7 	 2 	 71.00 	 71.00 	 0.0000 	 7.78 
j3015_8 	 3 	 2 	 65.00 	 65.00 	 0.0000 	 27.41 
j3015_8 	 5 	 2 	 72.00 	 72.00 	 0.0000 	 49.34 
j3015_8 	 7 	 2 	 76.00 	 76.00 	 0.0000 	 64.79 
j3015_9 	 3 	 2 	 67.00 	 67.00 	 0.0000 	 5.43 
j3015_9 	 5 	 2 	 73.00 	 73.00 	 0.0000 	 45.14 
j3015_9 	 7 	 2 	 79.00 	 79.00 	 0.0000 	 21.04 
j3015_10 	 3 	 2 	 80.00 	 80.00 	 0.0000 	 3.98 
j3015_10 	 5 	 2 	 88.00 	 88.00 	 0.0000 	 2.06 
j3015_10 	 7 	 2 	 94.00 	 94.00 	 0.0000 	 5.74 
j3016_1 	 3 	 2 	 64.00 	 64.00 	 0.0000 	 4.25 
j3016_1 	 5 	 2 	 72.00 	 72.00 	 0.0000 	 3.60 
j3016_1 	 7 	 2 	 77.00 	 77.00 	 0.0000 	 3.01 
j3016_2 	 3 	 2 	 62.00 	 62.00 	 0.0000 	 1.79 
j3016_2 	 5 	 2 	 69.00 	 69.00 	 0.0000 	 2.88 
j3016_2 	 7 	 2 	 73.00 	 73.00 	 0.0000 	 3.01 
j3016_3 	 3 	 2 	 49.00 	 49.00 	 0.0000 	 1.30 
j3016_3 	 5 	 2 	 53.00 	 53.00 	 0.0000 	 1.74 
j3016_3 	 7 	 2 	 56.00 	 56.00 	 0.0000 	 2.07 
j3016_4 	 3 	 2 	 62.00 	 62.00 	 0.0000 	 1.33 
j3016_4 	 5 	 2 	 68.00 	 68.00 	 0.0000 	 1.84 
j3016_4 	 7 	 2 	 71.00 	 71.00 	 0.0000 	 2.10 
j3016_5 	 3 	 2 	 66.00 	 66.00 	 0.0000 	 1.59 
j3016_5 	 5 	 2 	 74.00 	 74.00 	 0.0000 	 2.46 
j3016_5 	 7 	 2 	 78.00 	 78.00 	 0.0000 	 2.10 
j3016_6 	 3 	 2 	 64.00 	 64.00 	 0.0000 	 2.11 
j3016_6 	 5 	 2 	 72.00 	 72.00 	 0.0000 	 2.09 
j3016_6 	 7 	 2 	 79.00 	 79.00 	 0.0000 	 5.14 
j3016_7 	 3 	 2 	 47.00 	 47.00 	 0.0000 	 2.12 
j3016_7 	 5 	 2 	 51.00 	 51.00 	 0.0000 	 1.95 
j3016_7 	 7 	 2 	 53.00 	 53.00 	 0.0000 	 2.09 
j3016_8 	 3 	 2 	 58.00 	 58.00 	 0.0000 	 1.86 
j3016_8 	 5 	 2 	 64.00 	 64.00 	 0.0000 	 2.14 
j3016_8 	 7 	 2 	 67.00 	 67.00 	 0.0000 	 2.80 
j3016_9 	 3 	 2 	 59.00 	 59.00 	 0.0000 	 3.70 
j3016_9 	 5 	 2 	 65.00 	 65.00 	 0.0000 	 2.41 
j3016_9 	 7 	 2 	 68.00 	 68.00 	 0.0000 	 5.39 
j3016_10 	 3 	 2 	 65.00 	 65.00 	 0.0000 	 1.66 
j3016_10 	 5 	 2 	 72.00 	 72.00 	 0.0000 	 4.85 
j3016_10 	 7 	 2 	 77.00 	 77.00 	 0.0000 	 8.21 
j3017_1 	 3 	 2 	 78.00 	 78.00 	 0.0000 	 10.51 
j3017_1 	 5 	 2 	 86.00 	 86.00 	 0.0000 	 28.40 
j3017_1 	 7 	 2 	 92.00 	 92.00 	 0.0000 	 14.03 
j3017_2 	 3 	 2 	 83.00 	 83.00 	 0.0000 	 1.07 
j3017_2 	 5 	 2 	 91.00 	 91.00 	 0.0000 	 1.48 
j3017_2 	 7 	 2 	 99.00 	 99.00 	 0.0000 	 1.28 
j3017_3 	 3 	 2 	 75.00 	 75.00 	 0.0000 	 0.99 
j3017_3 	 5 	 2 	 83.00 	 83.00 	 0.0000 	 1.71 
j3017_3 	 7 	 2 	 90.00 	 90.00 	 0.0000 	 1.65 
j3017_4 	 3 	 2 	 63.00 	 63.00 	 0.0000 	 14.64 
j3017_4 	 5 	 2 	 71.00 	 71.00 	 0.0000 	 14.98 
j3017_4 	 7 	 2 	 74.00 	 74.00 	 0.0000 	 8.17 
j3017_5 	 3 	 2 	 60.00 	 60.00 	 0.0000 	 11.57 
j3017_5 	 5 	 2 	 66.00 	 66.00 	 0.0000 	 18.88 
j3017_5 	 7 	 2 	 70.00 	 70.00 	 0.0000 	 20.77 
j3017_6 	 3 	 2 	 77.00 	 77.00 	 0.0000 	 0.83 
j3017_6 	 5 	 2 	 86.00 	 86.00 	 0.0000 	 0.93 
j3017_6 	 7 	 2 	 91.00 	 91.00 	 0.0000 	 1.36 
j3017_7 	 3 	 2 	 72.00 	 72.00 	 0.0000 	 2.40 
j3017_7 	 5 	 2 	 79.00 	 79.00 	 0.0000 	 3.53 
j3017_7 	 7 	 2 	 85.00 	 85.00 	 0.0000 	 4.81 
j3017_8 	 3 	 2 	 76.00 	 76.00 	 0.0000 	 3.59 
j3017_8 	 5 	 2 	 85.00 	 85.00 	 0.0000 	 7.73 
j3017_8 	 7 	 2 	 92.00 	 92.00 	 0.0000 	 5.20 
j3017_9 	 3 	 2 	 61.00 	 61.00 	 0.0000 	 6.51 
j3017_9 	 5 	 2 	 67.00 	 67.00 	 0.0000 	 11.79 
j3017_9 	 7 	 2 	 71.00 	 71.00 	 0.0000 	 18.91 
j3017_10 	 3 	 2 	 81.00 	 81.00 	 0.0000 	 0.96 
j3017_10 	 5 	 2 	 91.00 	 91.00 	 0.0000 	 2.35 
j3017_10 	 7 	 2 	 98.00 	 98.00 	 0.0000 	 2.94 
j3018_1 	 3 	 2 	 68.00 	 68.00 	 0.0000 	 1.19 
j3018_1 	 5 	 2 	 76.00 	 76.00 	 0.0000 	 1.45 
j3018_1 	 7 	 2 	 81.00 	 81.00 	 0.0000 	 1.68 
j3018_2 	 3 	 2 	 69.00 	 69.00 	 0.0000 	 0.79 
j3018_2 	 5 	 2 	 75.00 	 75.00 	 0.0000 	 1.18 
j3018_2 	 7 	 2 	 80.00 	 80.00 	 0.0000 	 1.30 
j3018_3 	 3 	 2 	 69.00 	 69.00 	 0.0000 	 1.38 
j3018_3 	 5 	 2 	 76.00 	 76.00 	 0.0000 	 1.91 
j3018_3 	 7 	 2 	 82.00 	 82.00 	 0.0000 	 2.65 
j3018_4 	 3 	 2 	 85.00 	 85.00 	 0.0000 	 0.88 
j3018_4 	 5 	 2 	 94.00 	 94.00 	 0.0000 	 0.95 
j3018_4 	 7 	 2 	 102.00 	 102.00 	 0.0000 	 1.38 
j3018_5 	 3 	 2 	 66.00 	 66.00 	 0.0000 	 1.17 
j3018_5 	 5 	 2 	 73.00 	 73.00 	 0.0000 	 1.58 
j3018_5 	 7 	 2 	 78.00 	 78.00 	 0.0000 	 2.33 
j3018_6 	 3 	 2 	 77.00 	 77.00 	 0.0000 	 2.43 
j3018_6 	 5 	 2 	 85.00 	 85.00 	 0.0000 	 3.74 
j3018_6 	 7 	 2 	 91.00 	 91.00 	 0.0000 	 10.56 
j3018_7 	 3 	 2 	 61.00 	 61.00 	 0.0000 	 0.98 
j3018_7 	 5 	 2 	 68.00 	 68.00 	 0.0000 	 1.66 
j3018_7 	 7 	 2 	 74.00 	 74.00 	 0.0000 	 1.69 
j3018_8 	 3 	 2 	 67.00 	 67.00 	 0.0000 	 1.15 
j3018_8 	 5 	 2 	 75.00 	 75.00 	 0.0000 	 1.65 
j3018_8 	 7 	 2 	 79.00 	 79.00 	 0.0000 	 1.89 
j3018_9 	 3 	 2 	 62.00 	 62.00 	 0.0000 	 1.05 
j3018_9 	 5 	 2 	 70.00 	 70.00 	 0.0000 	 2.13 
j3018_9 	 7 	 2 	 73.00 	 73.00 	 0.0000 	 2.19 
j3018_10 	 3 	 2 	 61.00 	 61.00 	 0.0000 	 4.75 
j3018_10 	 5 	 2 	 67.00 	 67.00 	 0.0000 	 4.30 
j3018_10 	 7 	 2 	 71.00 	 71.00 	 0.0000 	 3.94 
j3019_1 	 3 	 2 	 52.00 	 52.00 	 0.0000 	 1.91 
j3019_1 	 5 	 2 	 57.00 	 57.00 	 0.0000 	 2.52 
j3019_1 	 7 	 2 	 61.00 	 61.00 	 0.0000 	 2.89 
j3019_2 	 3 	 2 	 73.00 	 73.00 	 0.0000 	 0.87 
j3019_2 	 5 	 2 	 80.00 	 80.00 	 0.0000 	 1.07 
j3019_2 	 7 	 2 	 86.00 	 86.00 	 0.0000 	 1.51 
j3019_3 	 3 	 2 	 98.00 	 98.00 	 0.0000 	 0.94 
j3019_3 	 5 	 2 	 107.00 	 107.00 	 0.0000 	 0.96 
j3019_3 	 7 	 2 	 115.00 	 115.00 	 0.0000 	 1.44 
j3019_4 	 3 	 2 	 54.00 	 54.00 	 0.0000 	 1.43 
j3019_4 	 5 	 2 	 59.00 	 59.00 	 0.0000 	 1.81 
j3019_4 	 7 	 2 	 60.00 	 60.00 	 0.0000 	 1.73 
j3019_5 	 3 	 2 	 62.00 	 62.00 	 0.0000 	 0.92 
j3019_5 	 5 	 2 	 68.00 	 68.00 	 0.0000 	 2.59 
j3019_5 	 7 	 2 	 73.00 	 73.00 	 0.0000 	 2.67 
j3019_6 	 3 	 2 	 64.00 	 64.00 	 0.0000 	 1.14 
j3019_6 	 5 	 2 	 71.00 	 71.00 	 0.0000 	 1.19 
j3019_6 	 7 	 2 	 75.00 	 75.00 	 0.0000 	 1.45 
j3019_7 	 3 	 2 	 72.00 	 72.00 	 0.0000 	 1.25 
j3019_7 	 5 	 2 	 81.00 	 81.00 	 0.0000 	 1.63 
j3019_7 	 7 	 2 	 86.00 	 86.00 	 0.0000 	 1.95 
j3019_8 	 3 	 2 	 70.00 	 70.00 	 0.0000 	 1.15 
j3019_8 	 5 	 2 	 78.00 	 78.00 	 0.0000 	 1.62 
j3019_8 	 7 	 2 	 84.00 	 84.00 	 0.0000 	 1.57 
j3019_9 	 3 	 2 	 51.00 	 51.00 	 0.0000 	 1.04 
j3019_9 	 5 	 2 	 57.00 	 57.00 	 0.0000 	 1.57 
j3019_9 	 7 	 2 	 59.00 	 59.00 	 0.0000 	 2.03 
j3019_10 	 3 	 2 	 61.00 	 61.00 	 0.0000 	 1.31 
j3019_10 	 5 	 2 	 67.00 	 67.00 	 0.0000 	 1.74 
j3019_10 	 7 	 2 	 71.00 	 71.00 	 0.0000 	 1.87 
j3020_1 	 3 	 2 	 72.00 	 72.00 	 0.0000 	 1.10 
j3020_1 	 5 	 2 	 79.00 	 79.00 	 0.0000 	 1.37 
j3020_1 	 7 	 2 	 85.00 	 85.00 	 0.0000 	 1.74 
j3020_2 	 3 	 2 	 85.00 	 85.00 	 0.0000 	 1.09 
j3020_2 	 5 	 2 	 94.00 	 94.00 	 0.0000 	 1.45 
j3020_2 	 7 	 2 	 102.00 	 102.00 	 0.0000 	 1.73 
j3020_3 	 3 	 2 	 64.00 	 64.00 	 0.0000 	 0.63 
j3020_3 	 5 	 2 	 73.00 	 73.00 	 0.0000 	 1.45 
j3020_3 	 7 	 2 	 75.00 	 75.00 	 0.0000 	 1.02 
j3020_4 	 3 	 2 	 58.00 	 58.00 	 0.0000 	 0.95 
j3020_4 	 5 	 2 	 67.00 	 67.00 	 0.0000 	 1.48 
j3020_4 	 7 	 2 	 67.00 	 67.00 	 0.0000 	 1.80 
j3020_5 	 3 	 2 	 75.00 	 75.00 	 0.0000 	 0.98 
j3020_5 	 5 	 2 	 83.00 	 83.00 	 0.0000 	 1.31 
j3020_5 	 7 	 2 	 89.00 	 89.00 	 0.0000 	 1.49 
j3020_6 	 3 	 2 	 66.00 	 66.00 	 0.0000 	 1.06 
j3020_6 	 5 	 2 	 73.00 	 73.00 	 0.0000 	 1.52 
j3020_6 	 7 	 2 	 77.00 	 77.00 	 0.0000 	 1.62 
j3020_7 	 3 	 2 	 56.00 	 56.00 	 0.0000 	 1.03 
j3020_7 	 5 	 2 	 62.00 	 62.00 	 0.0000 	 1.37 
j3020_7 	 7 	 2 	 64.00 	 64.00 	 0.0000 	 1.96 
j3020_8 	 3 	 2 	 65.00 	 65.00 	 0.0000 	 0.60 
j3020_8 	 5 	 2 	 71.00 	 71.00 	 0.0000 	 1.32 
j3020_8 	 7 	 2 	 75.00 	 75.00 	 0.0000 	 1.21 
j3020_9 	 3 	 2 	 56.00 	 56.00 	 0.0000 	 0.69 
j3020_9 	 5 	 2 	 62.00 	 62.00 	 0.0000 	 1.26 
j3020_9 	 7 	 2 	 64.00 	 64.00 	 0.0000 	 1.43 
j3020_10 	 3 	 2 	 51.00 	 51.00 	 0.0000 	 0.92 
j3020_10 	 5 	 2 	 55.00 	 55.00 	 0.0000 	 1.21 
j3020_10 	 7 	 2 	 57.00 	 57.00 	 0.0000 	 1.52 
j3021_1 	 3 	 2 	 99.00 	 99.00 	 0.0000 	 184.25 
j3021_1 	 5 	 2 	 108.00 	 108.00 	 0.0000 	 233.04 
j3021_1 	 7 	 2 	 116.00 	 116.00 	 0.0000 	 212.75 
j3021_2 	 3 	 2 	 72.00 	 72.00 	 0.0000 	 282.60 
j3021_2 	 5 	 2 	 80.00 	 80.00 	 0.0000 	 289.53 
j3021_2 	 7 	 2 	 85.00 	 85.00 	 0.0000 	 294.76 
j3021_3 	 3 	 9 	 87.00 	 91.00 	 0.0440 	 1200.05 
j3021_3 	 5 	 9 	 91.00 	 100.00 	 0.0900 	 1200.05 
j3021_3 	 7 	 9 	 98.00 	 104.00 	 0.0577 	 1200.05 
j3021_4 	 3 	 2 	 83.00 	 83.00 	 0.0000 	 718.23 
j3021_4 	 5 	 9 	 83.00 	 92.00 	 0.0978 	 1200.03 
j3021_4 	 7 	 9 	 88.00 	 99.00 	 0.1111 	 1200.03 
j3021_5 	 3 	 2 	 68.00 	 68.00 	 0.0000 	 394.80 
j3021_5 	 5 	 2 	 75.00 	 75.00 	 0.0000 	 838.01 
j3021_5 	 7 	 9 	 78.00 	 82.00 	 0.0488 	 1200.03 
j3021_6 	 3 	 2 	 91.00 	 91.00 	 0.0000 	 695.36 
j3021_6 	 5 	 2 	 99.00 	 99.00 	 0.0000 	 742.50 
j3021_6 	 7 	 9 	 92.00 	 109.00 	 0.1560 	 1200.14 
j3021_7 	 3 	 2 	 80.00 	 80.00 	 0.0000 	 702.22 
j3021_7 	 5 	 2 	 87.00 	 87.00 	 0.0000 	 593.06 
j3021_7 	 7 	 2 	 93.00 	 93.00 	 0.0000 	 779.14 
j3021_8 	 3 	 2 	 77.00 	 77.00 	 0.0000 	 886.27 
j3021_8 	 5 	 9 	 80.00 	 94.00 	 0.1489 	 1200.03 
j3021_8 	 7 	 9 	 86.00 	 100.00 	 0.1400 	 1200.04 
j3021_9 	 3 	 9 	 73.00 	 84.00 	 0.1310 	 1200.03 
j3021_9 	 5 	 9 	 72.00 	 93.00 	 0.2258 	 1200.01 
j3021_9 	 7 	 9 	 77.00 	 104.00 	 0.2596 	 1200.01 
j3021_10 	 3 	 2 	 83.00 	 83.00 	 0.0000 	 144.15 
j3021_10 	 5 	 2 	 92.00 	 92.00 	 0.0000 	 179.31 
j3021_10 	 7 	 2 	 99.00 	 99.00 	 0.0000 	 162.17 
j3022_1 	 3 	 2 	 56.00 	 56.00 	 0.0000 	 3.21 
j3022_1 	 5 	 2 	 61.00 	 61.00 	 0.0000 	 6.13 
j3022_1 	 7 	 2 	 64.00 	 64.00 	 0.0000 	 5.96 
j3022_2 	 3 	 2 	 57.00 	 57.00 	 0.0000 	 3.00 
j3022_2 	 5 	 2 	 64.00 	 64.00 	 0.0000 	 13.69 
j3022_2 	 7 	 2 	 68.00 	 68.00 	 0.0000 	 15.44 
j3022_3 	 3 	 2 	 78.00 	 78.00 	 0.0000 	 1.35 
j3022_3 	 5 	 2 	 87.00 	 87.00 	 0.0000 	 2.48 
j3022_3 	 7 	 2 	 93.00 	 93.00 	 0.0000 	 2.55 
j3022_4 	 3 	 2 	 56.00 	 56.00 	 0.0000 	 2.56 
j3022_4 	 5 	 2 	 62.00 	 62.00 	 0.0000 	 6.26 
j3022_4 	 7 	 2 	 63.00 	 63.00 	 0.0000 	 4.63 
j3022_5 	 3 	 2 	 65.00 	 65.00 	 0.0000 	 24.65 
j3022_5 	 5 	 2 	 72.00 	 72.00 	 0.0000 	 43.27 
j3022_5 	 7 	 2 	 77.00 	 77.00 	 0.0000 	 42.09 
j3022_6 	 3 	 2 	 67.00 	 67.00 	 0.0000 	 44.59 
j3022_6 	 5 	 2 	 74.00 	 74.00 	 0.0000 	 123.78 
j3022_6 	 7 	 2 	 78.00 	 78.00 	 0.0000 	 127.34 
j3022_7 	 3 	 2 	 74.00 	 74.00 	 0.0000 	 25.30 
j3022_7 	 5 	 2 	 82.00 	 82.00 	 0.0000 	 31.26 
j3022_7 	 7 	 2 	 88.00 	 88.00 	 0.0000 	 60.34 
j3022_8 	 3 	 2 	 69.00 	 69.00 	 0.0000 	 194.68 
j3022_8 	 5 	 2 	 76.00 	 76.00 	 0.0000 	 193.18 
j3022_8 	 7 	 2 	 80.00 	 80.00 	 0.0000 	 195.59 
j3022_9 	 3 	 2 	 91.00 	 91.00 	 0.0000 	 2.02 
j3022_9 	 5 	 2 	 101.00 	 101.00 	 0.0000 	 8.51 
j3022_9 	 7 	 2 	 109.00 	 109.00 	 0.0000 	 19.69 
j3022_10 	 3 	 2 	 70.00 	 70.00 	 0.0000 	 43.78 
j3022_10 	 5 	 2 	 78.00 	 78.00 	 0.0000 	 18.07 
j3022_10 	 7 	 2 	 83.00 	 83.00 	 0.0000 	 40.22 
j3023_1 	 3 	 2 	 78.00 	 78.00 	 0.0000 	 1.26 
j3023_1 	 5 	 2 	 87.00 	 87.00 	 0.0000 	 1.69 
j3023_1 	 7 	 2 	 95.00 	 95.00 	 0.0000 	 2.09 
j3023_2 	 3 	 2 	 67.00 	 67.00 	 0.0000 	 1.49 
j3023_2 	 5 	 2 	 75.00 	 75.00 	 0.0000 	 1.78 
j3023_2 	 7 	 2 	 80.00 	 80.00 	 0.0000 	 1.85 
j3023_3 	 3 	 2 	 59.00 	 59.00 	 0.0000 	 2.48 
j3023_3 	 5 	 2 	 65.00 	 65.00 	 0.0000 	 2.43 
j3023_3 	 7 	 2 	 70.00 	 70.00 	 0.0000 	 7.48 
j3023_4 	 3 	 2 	 80.00 	 80.00 	 0.0000 	 5.02 
j3023_4 	 5 	 2 	 89.00 	 89.00 	 0.0000 	 8.04 
j3023_4 	 7 	 2 	 95.00 	 95.00 	 0.0000 	 9.43 
j3023_5 	 3 	 2 	 66.00 	 66.00 	 0.0000 	 7.06 
j3023_5 	 5 	 2 	 73.00 	 73.00 	 0.0000 	 6.58 
j3023_5 	 7 	 2 	 77.00 	 77.00 	 0.0000 	 7.61 
j3023_6 	 3 	 2 	 61.00 	 61.00 	 0.0000 	 1.26 
j3023_6 	 5 	 2 	 67.00 	 67.00 	 0.0000 	 1.66 
j3023_6 	 7 	 2 	 72.00 	 72.00 	 0.0000 	 1.97 
j3023_7 	 3 	 2 	 75.00 	 75.00 	 0.0000 	 2.94 
j3023_7 	 5 	 2 	 85.00 	 85.00 	 0.0000 	 4.16 
j3023_7 	 7 	 2 	 90.00 	 90.00 	 0.0000 	 5.16 
j3023_8 	 3 	 2 	 62.00 	 62.00 	 0.0000 	 1.33 
j3023_8 	 5 	 2 	 71.00 	 71.00 	 0.0000 	 5.27 
j3023_8 	 7 	 2 	 73.00 	 73.00 	 0.0000 	 5.56 
j3023_9 	 3 	 2 	 78.00 	 78.00 	 0.0000 	 7.44 
j3023_9 	 5 	 2 	 86.00 	 86.00 	 0.0000 	 12.15 
j3023_9 	 7 	 2 	 92.00 	 92.00 	 0.0000 	 19.64 
j3023_10 	 3 	 2 	 76.00 	 76.00 	 0.0000 	 1.00 
j3023_10 	 5 	 2 	 86.00 	 86.00 	 0.0000 	 1.65 
j3023_10 	 7 	 2 	 92.00 	 92.00 	 0.0000 	 2.02 
j3024_1 	 3 	 2 	 68.00 	 68.00 	 0.0000 	 1.00 
j3024_1 	 5 	 2 	 75.00 	 75.00 	 0.0000 	 1.29 
j3024_1 	 7 	 2 	 79.00 	 79.00 	 0.0000 	 1.57 
j3024_2 	 3 	 2 	 72.00 	 72.00 	 0.0000 	 1.14 
j3024_2 	 5 	 2 	 79.00 	 79.00 	 0.0000 	 1.78 
j3024_2 	 7 	 2 	 84.00 	 84.00 	 0.0000 	 3.89 
j3024_3 	 3 	 2 	 84.00 	 84.00 	 0.0000 	 0.96 
j3024_3 	 5 	 2 	 94.00 	 94.00 	 0.0000 	 1.34 
j3024_3 	 7 	 2 	 102.00 	 102.00 	 0.0000 	 1.95 
j3024_4 	 3 	 2 	 67.00 	 67.00 	 0.0000 	 1.15 
j3024_4 	 5 	 2 	 74.00 	 74.00 	 0.0000 	 1.40 
j3024_4 	 7 	 2 	 80.00 	 80.00 	 0.0000 	 1.81 
j3024_5 	 3 	 2 	 64.00 	 64.00 	 0.0000 	 1.68 
j3024_5 	 5 	 2 	 72.00 	 72.00 	 0.0000 	 1.44 
j3024_5 	 7 	 2 	 77.00 	 77.00 	 0.0000 	 2.16 
j3024_6 	 3 	 2 	 71.00 	 71.00 	 0.0000 	 1.17 
j3024_6 	 5 	 2 	 80.00 	 80.00 	 0.0000 	 1.68 
j3024_6 	 7 	 2 	 85.00 	 85.00 	 0.0000 	 1.83 
j3024_7 	 3 	 2 	 57.00 	 57.00 	 0.0000 	 2.28 
j3024_7 	 5 	 2 	 61.00 	 61.00 	 0.0000 	 3.71 
j3024_7 	 7 	 2 	 65.00 	 65.00 	 0.0000 	 3.74 
j3024_8 	 3 	 2 	 53.00 	 53.00 	 0.0000 	 1.32 
j3024_8 	 5 	 2 	 59.00 	 59.00 	 0.0000 	 1.57 
j3024_8 	 7 	 2 	 59.00 	 59.00 	 0.0000 	 2.10 
j3024_9 	 3 	 2 	 56.00 	 56.00 	 0.0000 	 0.87 
j3024_9 	 5 	 2 	 62.00 	 62.00 	 0.0000 	 1.18 
j3024_9 	 7 	 2 	 65.00 	 65.00 	 0.0000 	 1.72 
j3024_10 	 3 	 2 	 67.00 	 67.00 	 0.0000 	 1.17 
j3024_10 	 5 	 2 	 74.00 	 74.00 	 0.0000 	 1.64 
j3024_10 	 7 	 2 	 80.00 	 80.00 	 0.0000 	 1.94 
j3025_1 	 3 	 9 	 89.00 	 119.00 	 0.2521 	 1200.04 
j3025_1 	 5 	 9 	 93.00 	 128.00 	 0.2734 	 1200.01 
j3025_1 	 7 	 9 	 100.00 	 138.00 	 0.2754 	 1200.04 
j3025_2 	 3 	 9 	 66.00 	 98.00 	 0.3265 	 1200.01 
j3025_2 	 5 	 9 	 71.00 	 104.00 	 0.3173 	 1200.10 
j3025_2 	 7 	 9 	 77.00 	 113.00 	 0.3186 	 1200.04 
j3025_3 	 3 	 9 	 63.00 	 103.00 	 0.3883 	 1200.03 
j3025_3 	 5 	 9 	 70.00 	 116.00 	 0.3966 	 1200.02 
j3025_3 	 7 	 9 	 71.00 	 116.00 	 0.3879 	 1200.03 
j3025_4 	 3 	 9 	 66.00 	 110.00 	 0.4000 	 1200.04 
j3025_4 	 5 	 9 	 73.00 	 120.00 	 0.3917 	 1200.01 
j3025_4 	 7 	 9 	 78.00 	 126.00 	 0.3810 	 1200.03 
j3025_5 	 3 	 9 	 62.00 	 95.00 	 0.3474 	 1200.03 
j3025_5 	 5 	 9 	 72.00 	 99.00 	 0.2727 	 1200.03 
j3025_5 	 7 	 9 	 73.00 	 109.00 	 0.3303 	 1200.03 
j3025_6 	 3 	 9 	 58.00 	 79.00 	 0.2658 	 1200.03 
j3025_6 	 5 	 9 	 63.00 	 86.00 	 0.2674 	 1200.03 
j3025_6 	 7 	 9 	 68.00 	 91.00 	 0.2527 	 1200.03 
j3025_7 	 3 	 9 	 94.00 	 120.00 	 0.2167 	 1200.03 
j3025_7 	 5 	 9 	 101.00 	 129.00 	 0.2171 	 1200.01 
j3025_7 	 7 	 9 	 110.00 	 146.00 	 0.2466 	 1200.03 
j3025_8 	 3 	 9 	 55.00 	 102.00 	 0.4608 	 1200.03 
j3025_8 	 5 	 9 	 63.00 	 106.00 	 0.4057 	 1200.02 
j3025_8 	 7 	 9 	 64.00 	 114.00 	 0.4386 	 1200.01 
j3025_9 	 3 	 9 	 74.00 	 100.00 	 0.2600 	 1200.01 
j3025_9 	 5 	 9 	 85.00 	 114.00 	 0.2544 	 1200.01 
j3025_9 	 7 	 9 	 87.00 	 118.00 	 0.2627 	 1200.03 
j3025_10 	 3 	 9 	 66.00 	 73.00 	 0.0959 	 1200.02 
j3025_10 	 5 	 9 	 72.00 	 81.00 	 0.1111 	 1200.03 
j3025_10 	 7 	 9 	 77.00 	 87.00 	 0.1149 	 1200.04 
j3026_1 	 3 	 2 	 73.00 	 73.00 	 0.0000 	 41.31 
j3026_1 	 5 	 2 	 81.00 	 81.00 	 0.0000 	 33.22 
j3026_1 	 7 	 2 	 87.00 	 87.00 	 0.0000 	 45.54 
j3026_2 	 3 	 2 	 53.00 	 53.00 	 0.0000 	 1.53 
j3026_2 	 5 	 2 	 60.00 	 60.00 	 0.0000 	 2.20 
j3026_2 	 7 	 2 	 62.00 	 62.00 	 0.0000 	 2.31 
j3026_3 	 3 	 2 	 73.00 	 73.00 	 0.0000 	 1.61 
j3026_3 	 5 	 2 	 81.00 	 81.00 	 0.0000 	 2.79 
j3026_3 	 7 	 2 	 86.00 	 86.00 	 0.0000 	 3.51 
j3026_4 	 3 	 2 	 77.00 	 77.00 	 0.0000 	 35.66 
j3026_4 	 5 	 2 	 86.00 	 86.00 	 0.0000 	 34.22 
j3026_4 	 7 	 2 	 93.00 	 93.00 	 0.0000 	 38.32 
j3026_5 	 3 	 2 	 89.00 	 89.00 	 0.0000 	 120.24 
j3026_5 	 5 	 2 	 98.00 	 98.00 	 0.0000 	 50.96 
j3026_5 	 7 	 2 	 105.00 	 105.00 	 0.0000 	 31.53 
j3026_6 	 3 	 2 	 67.00 	 67.00 	 0.0000 	 43.87 
j3026_6 	 5 	 2 	 74.00 	 74.00 	 0.0000 	 50.78 
j3026_6 	 7 	 2 	 80.00 	 80.00 	 0.0000 	 71.21 
j3026_7 	 3 	 2 	 70.00 	 70.00 	 0.0000 	 14.48 
j3026_7 	 5 	 2 	 78.00 	 78.00 	 0.0000 	 19.74 
j3026_7 	 7 	 2 	 84.00 	 84.00 	 0.0000 	 15.29 
j3026_8 	 3 	 2 	 81.00 	 81.00 	 0.0000 	 504.39 
j3026_8 	 5 	 2 	 91.00 	 91.00 	 0.0000 	 668.93 
j3026_8 	 7 	 2 	 97.00 	 97.00 	 0.0000 	 297.17 
j3026_9 	 3 	 2 	 56.00 	 56.00 	 0.0000 	 522.11 
j3026_9 	 5 	 2 	 61.00 	 61.00 	 0.0000 	 495.63 
j3026_9 	 7 	 9 	 64.00 	 65.00 	 0.0154 	 1200.04 
j3026_10 	 3 	 2 	 64.00 	 64.00 	 0.0000 	 71.36 
j3026_10 	 5 	 2 	 71.00 	 71.00 	 0.0000 	 111.84 
j3026_10 	 7 	 2 	 75.00 	 75.00 	 0.0000 	 133.85 
j3027_1 	 3 	 2 	 57.00 	 57.00 	 0.0000 	 8.09 
j3027_1 	 5 	 2 	 62.00 	 62.00 	 0.0000 	 4.15 
j3027_1 	 7 	 2 	 66.00 	 66.00 	 0.0000 	 7.05 
j3027_2 	 3 	 2 	 73.00 	 73.00 	 0.0000 	 1.64 
j3027_2 	 5 	 2 	 81.00 	 81.00 	 0.0000 	 1.72 
j3027_2 	 7 	 2 	 88.00 	 88.00 	 0.0000 	 2.07 
j3027_3 	 3 	 2 	 74.00 	 74.00 	 0.0000 	 0.86 
j3027_3 	 5 	 2 	 81.00 	 81.00 	 0.0000 	 2.23 
j3027_3 	 7 	 2 	 87.00 	 87.00 	 0.0000 	 3.74 
j3027_4 	 3 	 2 	 77.00 	 77.00 	 0.0000 	 3.61 
j3027_4 	 5 	 2 	 84.00 	 84.00 	 0.0000 	 5.56 
j3027_4 	 7 	 2 	 90.00 	 90.00 	 0.0000 	 6.33 
j3027_5 	 3 	 2 	 64.00 	 64.00 	 0.0000 	 2.17 
j3027_5 	 5 	 2 	 71.00 	 71.00 	 0.0000 	 3.38 
j3027_5 	 7 	 2 	 75.00 	 75.00 	 0.0000 	 5.86 
j3027_6 	 3 	 2 	 74.00 	 74.00 	 0.0000 	 5.40 
j3027_6 	 5 	 2 	 82.00 	 82.00 	 0.0000 	 6.31 
j3027_6 	 7 	 2 	 87.00 	 87.00 	 0.0000 	 9.56 
j3027_7 	 3 	 2 	 63.00 	 63.00 	 0.0000 	 3.54 
j3027_7 	 5 	 2 	 70.00 	 70.00 	 0.0000 	 4.42 
j3027_7 	 7 	 2 	 74.00 	 74.00 	 0.0000 	 8.06 
j3027_8 	 3 	 2 	 79.00 	 79.00 	 0.0000 	 0.91 
j3027_8 	 5 	 2 	 87.00 	 87.00 	 0.0000 	 2.15 
j3027_8 	 7 	 2 	 95.00 	 95.00 	 0.0000 	 2.29 
j3027_9 	 3 	 2 	 69.00 	 69.00 	 0.0000 	 1.01 
j3027_9 	 5 	 2 	 75.00 	 75.00 	 0.0000 	 1.70 
j3027_9 	 7 	 2 	 79.00 	 79.00 	 0.0000 	 14.71 
j3027_10 	 3 	 2 	 76.00 	 76.00 	 0.0000 	 1.26 
j3027_10 	 5 	 2 	 84.00 	 84.00 	 0.0000 	 2.43 
j3027_10 	 7 	 2 	 90.00 	 90.00 	 0.0000 	 2.14 
j3028_1 	 3 	 2 	 84.00 	 84.00 	 0.0000 	 1.07 
j3028_1 	 5 	 2 	 93.00 	 93.00 	 0.0000 	 1.49 
j3028_1 	 7 	 2 	 101.00 	 101.00 	 0.0000 	 1.93 
j3028_2 	 3 	 2 	 72.00 	 72.00 	 0.0000 	 0.77 
j3028_2 	 5 	 2 	 80.00 	 80.00 	 0.0000 	 1.58 
j3028_2 	 7 	 2 	 84.00 	 84.00 	 0.0000 	 1.52 
j3028_3 	 3 	 2 	 52.00 	 52.00 	 0.0000 	 1.01 
j3028_3 	 5 	 2 	 56.00 	 56.00 	 0.0000 	 1.67 
j3028_3 	 7 	 2 	 60.00 	 60.00 	 0.0000 	 2.18 
j3028_4 	 3 	 2 	 62.00 	 62.00 	 0.0000 	 0.86 
j3028_4 	 5 	 2 	 68.00 	 68.00 	 0.0000 	 1.36 
j3028_4 	 7 	 2 	 73.00 	 73.00 	 0.0000 	 1.56 
j3028_5 	 3 	 2 	 88.00 	 88.00 	 0.0000 	 0.83 
j3028_5 	 5 	 2 	 97.00 	 97.00 	 0.0000 	 0.97 
j3028_5 	 7 	 2 	 104.00 	 104.00 	 0.0000 	 1.17 
j3028_6 	 3 	 2 	 69.00 	 69.00 	 0.0000 	 1.08 
j3028_6 	 5 	 2 	 76.00 	 76.00 	 0.0000 	 1.27 
j3028_6 	 7 	 2 	 82.00 	 82.00 	 0.0000 	 1.37 
j3028_7 	 3 	 2 	 63.00 	 63.00 	 0.0000 	 0.72 
j3028_7 	 5 	 2 	 71.00 	 71.00 	 0.0000 	 1.13 
j3028_7 	 7 	 2 	 74.00 	 74.00 	 0.0000 	 1.38 
j3028_8 	 3 	 2 	 68.00 	 68.00 	 0.0000 	 1.11 
j3028_8 	 5 	 2 	 77.00 	 77.00 	 0.0000 	 1.17 
j3028_8 	 7 	 2 	 81.00 	 81.00 	 0.0000 	 1.64 
j3028_9 	 3 	 2 	 76.00 	 76.00 	 0.0000 	 0.99 
j3028_9 	 5 	 2 	 84.00 	 84.00 	 0.0000 	 1.05 
j3028_9 	 7 	 2 	 91.00 	 91.00 	 0.0000 	 2.08 
j3028_10 	 3 	 2 	 73.00 	 73.00 	 0.0000 	 0.76 
j3028_10 	 5 	 2 	 81.00 	 81.00 	 0.0000 	 1.16 
j3028_10 	 7 	 2 	 88.00 	 88.00 	 0.0000 	 1.49 
j3029_1 	 3 	 9 	 77.00 	 108.00 	 0.2870 	 1200.04 
j3029_1 	 5 	 9 	 85.00 	 118.00 	 0.2797 	 1200.03 
j3029_1 	 7 	 9 	 91.00 	 127.00 	 0.2835 	 1200.01 
j3029_2 	 3 	 9 	 69.00 	 121.00 	 0.4298 	 1200.03 
j3029_2 	 5 	 9 	 76.00 	 131.00 	 0.4198 	 1200.01 
j3029_2 	 7 	 9 	 82.00 	 139.00 	 0.4101 	 1200.01 
j3029_3 	 3 	 9 	 61.00 	 99.00 	 0.3838 	 1200.03 
j3029_3 	 5 	 9 	 67.00 	 110.00 	 0.3909 	 1200.18 
j3029_3 	 7 	 9 	 70.00 	 122.00 	 0.4262 	 1200.02 
j3029_4 	 3 	 9 	 78.00 	 127.00 	 0.3858 	 1200.02 
j3029_4 	 5 	 9 	 89.00 	 141.00 	 0.3688 	 1200.03 
j3029_4 	 7 	 9 	 91.00 	 153.00 	 0.4052 	 1200.02 
j3029_5 	 3 	 9 	 70.00 	 129.00 	 0.4574 	 1200.02 
j3029_5 	 5 	 9 	 77.00 	 139.00 	 0.4460 	 1200.01 
j3029_5 	 7 	 9 	 88.00 	 148.00 	 0.4054 	 1200.01 
j3029_6 	 3 	 9 	 66.00 	 118.00 	 0.4407 	 1200.02 
j3029_6 	 5 	 9 	 75.00 	 128.00 	 0.4141 	 1200.03 
j3029_6 	 7 	 9 	 79.00 	 133.00 	 0.4060 	 1200.03 
j3029_7 	 3 	 9 	 61.00 	 91.00 	 0.3297 	 1200.02 
j3029_7 	 5 	 9 	 62.00 	 114.00 	 0.4561 	 1200.02 
j3029_7 	 7 	 9 	 69.00 	 108.00 	 0.3611 	 1200.01 
j3029_8 	 3 	 9 	 69.00 	 108.00 	 0.3611 	 1200.03 
j3029_8 	 5 	 9 	 74.00 	 113.00 	 0.3451 	 1200.01 
j3029_8 	 7 	 9 	 78.00 	 126.00 	 0.3810 	 1200.01 
j3029_9 	 3 	 9 	 67.00 	 135.00 	 0.5037 	 1200.04 
j3029_9 	 5 	 9 	 74.00 	 142.00 	 0.4789 	 1200.02 
j3029_9 	 7 	 9 	 81.00 	 154.00 	 0.4740 	 1200.01 
j3029_10 	 3 	 9 	 66.00 	 107.00 	 0.3832 	 1200.03 
j3029_10 	 5 	 9 	 74.00 	 102.00 	 0.2745 	 1200.04 
j3029_10 	 7 	 9 	 77.00 	 124.00 	 0.3790 	 1200.03 
j3030_1 	 3 	 9 	 55.00 	 63.00 	 0.1270 	 1200.02 
j3030_1 	 5 	 9 	 60.00 	 69.00 	 0.1304 	 1200.03 
j3030_1 	 7 	 9 	 62.00 	 74.00 	 0.1622 	 1200.03 
j3030_2 	 3 	 9 	 80.00 	 84.00 	 0.0476 	 1200.03 
j3030_2 	 5 	 9 	 88.00 	 92.00 	 0.0435 	 1200.03 
j3030_2 	 7 	 9 	 95.00 	 99.00 	 0.0404 	 1200.03 
j3030_3 	 3 	 9 	 67.00 	 68.00 	 0.0147 	 1200.03 
j3030_3 	 5 	 9 	 73.00 	 75.00 	 0.0267 	 1200.03 
j3030_3 	 7 	 9 	 78.00 	 81.00 	 0.0370 	 1200.03 
j3030_4 	 3 	 9 	 64.00 	 66.00 	 0.0303 	 1200.02 
j3030_4 	 5 	 9 	 72.00 	 73.00 	 0.0137 	 1200.03 
j3030_4 	 7 	 9 	 77.00 	 79.00 	 0.0253 	 1200.03 
j3030_5 	 3 	 2 	 68.00 	 68.00 	 0.0000 	 523.24 
j3030_5 	 5 	 2 	 75.00 	 75.00 	 0.0000 	 598.38 
j3030_5 	 7 	 9 	 79.00 	 80.00 	 0.0125 	 1200.04 
j3030_6 	 3 	 2 	 76.00 	 76.00 	 0.0000 	 938.70 
j3030_6 	 5 	 9 	 84.00 	 85.00 	 0.0118 	 1200.03 
j3030_6 	 7 	 9 	 90.00 	 91.00 	 0.0110 	 1200.04 
j3030_7 	 3 	 2 	 83.00 	 83.00 	 0.0000 	 570.21 
j3030_7 	 5 	 2 	 93.00 	 93.00 	 0.0000 	 1100.18 
j3030_7 	 7 	 2 	 99.00 	 99.00 	 0.0000 	 787.21 
j3030_8 	 3 	 9 	 55.00 	 61.00 	 0.0984 	 1200.03 
j3030_8 	 5 	 9 	 61.00 	 68.00 	 0.1029 	 1200.04 
j3030_8 	 7 	 9 	 62.00 	 70.00 	 0.1143 	 1200.03 
j3030_9 	 3 	 2 	 59.00 	 59.00 	 0.0000 	 671.67 
j3030_9 	 5 	 2 	 66.00 	 66.00 	 0.0000 	 1003.73 
j3030_9 	 7 	 9 	 69.00 	 70.00 	 0.0143 	 1200.02 
j3030_10 	 3 	 9 	 66.00 	 67.00 	 0.0149 	 1200.04 
j3030_10 	 5 	 9 	 73.00 	 74.00 	 0.0135 	 1200.02 
j3030_10 	 7 	 9 	 77.00 	 79.00 	 0.0253 	 1200.03 
j3031_1 	 3 	 2 	 56.00 	 56.00 	 0.0000 	 2.17 
j3031_1 	 5 	 2 	 63.00 	 63.00 	 0.0000 	 2.78 
j3031_1 	 7 	 2 	 67.00 	 67.00 	 0.0000 	 2.21 
j3031_2 	 3 	 2 	 77.00 	 77.00 	 0.0000 	 5.33 
j3031_2 	 5 	 2 	 85.00 	 85.00 	 0.0000 	 2.13 
j3031_2 	 7 	 2 	 92.00 	 92.00 	 0.0000 	 5.78 
j3031_3 	 3 	 2 	 73.00 	 73.00 	 0.0000 	 1.58 
j3031_3 	 5 	 2 	 81.00 	 81.00 	 0.0000 	 1.67 
j3031_3 	 7 	 2 	 87.00 	 87.00 	 0.0000 	 3.97 
j3031_4 	 3 	 2 	 64.00 	 64.00 	 0.0000 	 2.24 
j3031_4 	 5 	 2 	 71.00 	 71.00 	 0.0000 	 4.19 
j3031_4 	 7 	 2 	 75.00 	 75.00 	 0.0000 	 3.92 
j3031_5 	 3 	 2 	 66.00 	 66.00 	 0.0000 	 20.44 
j3031_5 	 5 	 2 	 72.00 	 72.00 	 0.0000 	 24.98 
j3031_5 	 7 	 2 	 77.00 	 77.00 	 0.0000 	 40.46 
j3031_6 	 3 	 2 	 67.00 	 67.00 	 0.0000 	 6.42 
j3031_6 	 5 	 2 	 74.00 	 74.00 	 0.0000 	 7.62 
j3031_6 	 7 	 2 	 79.00 	 79.00 	 0.0000 	 6.86 
j3031_7 	 3 	 2 	 75.00 	 75.00 	 0.0000 	 3.55 
j3031_7 	 5 	 2 	 83.00 	 83.00 	 0.0000 	 3.28 
j3031_7 	 7 	 2 	 90.00 	 90.00 	 0.0000 	 1.35 
j3031_8 	 3 	 2 	 73.00 	 73.00 	 0.0000 	 3.40 
j3031_8 	 5 	 2 	 82.00 	 82.00 	 0.0000 	 1.22 
j3031_8 	 7 	 2 	 87.00 	 87.00 	 0.0000 	 11.58 
j3031_9 	 3 	 9 	 62.00 	 64.00 	 0.0312 	 1200.02 
j3031_9 	 5 	 2 	 69.00 	 69.00 	 0.0000 	 924.52 
j3031_9 	 7 	 9 	 73.00 	 74.00 	 0.0135 	 1200.04 
j3031_10 	 3 	 9 	 65.00 	 68.00 	 0.0441 	 1200.02 
j3031_10 	 5 	 9 	 72.00 	 75.00 	 0.0400 	 1200.04 
j3031_10 	 7 	 9 	 76.00 	 81.00 	 0.0617 	 1200.02 
j3032_1 	 3 	 2 	 76.00 	 76.00 	 0.0000 	 0.89 
j3032_1 	 5 	 2 	 85.00 	 85.00 	 0.0000 	 0.91 
j3032_1 	 7 	 2 	 92.00 	 92.00 	 0.0000 	 0.83 
j3032_2 	 3 	 2 	 75.00 	 75.00 	 0.0000 	 1.07 
j3032_2 	 5 	 2 	 83.00 	 83.00 	 0.0000 	 0.97 
j3032_2 	 7 	 2 	 90.00 	 90.00 	 0.0000 	 1.03 
j3032_3 	 3 	 2 	 72.00 	 72.00 	 0.0000 	 1.10 
j3032_3 	 5 	 2 	 80.00 	 80.00 	 0.0000 	 2.60 
j3032_3 	 7 	 2 	 88.00 	 88.00 	 0.0000 	 1.08 
j3032_4 	 3 	 2 	 83.00 	 83.00 	 0.0000 	 1.26 
j3032_4 	 5 	 2 	 93.00 	 93.00 	 0.0000 	 0.85 
j3032_4 	 7 	 2 	 101.00 	 101.00 	 0.0000 	 1.36 
j3032_5 	 3 	 2 	 69.00 	 69.00 	 0.0000 	 1.34 
j3032_5 	 5 	 2 	 78.00 	 78.00 	 0.0000 	 0.83 
j3032_5 	 7 	 2 	 81.00 	 81.00 	 0.0000 	 2.31 
j3032_6 	 3 	 2 	 56.00 	 56.00 	 0.0000 	 1.57 
j3032_6 	 5 	 2 	 62.00 	 62.00 	 0.0000 	 1.19 
j3032_6 	 7 	 2 	 66.00 	 66.00 	 0.0000 	 1.47 
j3032_7 	 3 	 2 	 47.00 	 47.00 	 0.0000 	 0.76 
j3032_7 	 5 	 2 	 52.00 	 52.00 	 0.0000 	 0.80 
j3032_7 	 7 	 2 	 54.00 	 54.00 	 0.0000 	 0.98 
j3032_8 	 3 	 2 	 69.00 	 69.00 	 0.0000 	 1.09 
j3032_8 	 5 	 2 	 78.00 	 78.00 	 0.0000 	 1.02 
j3032_8 	 7 	 2 	 81.00 	 81.00 	 0.0000 	 0.94 
j3032_9 	 3 	 2 	 80.00 	 80.00 	 0.0000 	 1.02 
j3032_9 	 5 	 2 	 90.00 	 90.00 	 0.0000 	 0.73 
j3032_9 	 7 	 2 	 96.00 	 96.00 	 0.0000 	 0.82 
j3032_10 	 3 	 2 	 64.00 	 64.00 	 0.0000 	 1.34 
j3032_10 	 5 	 2 	 72.00 	 72.00 	 0.0000 	 1.75 
j3032_10 	 7 	 2 	 78.00 	 78.00 	 0.0000 	 0.99 
j3033_1 	 3 	 2 	 80.00 	 80.00 	 0.0000 	 1.33 
j3033_1 	 5 	 2 	 88.00 	 88.00 	 0.0000 	 2.09 
j3033_1 	 7 	 2 	 94.00 	 94.00 	 0.0000 	 4.70 
j3033_2 	 3 	 2 	 75.00 	 75.00 	 0.0000 	 0.80 
j3033_2 	 5 	 2 	 83.00 	 83.00 	 0.0000 	 1.39 
j3033_2 	 7 	 2 	 89.00 	 89.00 	 0.0000 	 3.24 
j3033_3 	 3 	 2 	 69.00 	 69.00 	 0.0000 	 0.83 
j3033_3 	 5 	 2 	 77.00 	 77.00 	 0.0000 	 1.15 
j3033_3 	 7 	 2 	 83.00 	 83.00 	 0.0000 	 2.15 
j3033_4 	 3 	 2 	 92.00 	 92.00 	 0.0000 	 0.67 
j3033_4 	 5 	 2 	 102.00 	 102.00 	 0.0000 	 0.81 
j3033_4 	 7 	 2 	 110.00 	 110.00 	 0.0000 	 0.52 
j3033_5 	 3 	 2 	 65.00 	 65.00 	 0.0000 	 1.05 
j3033_5 	 5 	 2 	 73.00 	 73.00 	 0.0000 	 1.83 
j3033_5 	 7 	 2 	 80.00 	 80.00 	 0.0000 	 3.41 
j3033_6 	 3 	 2 	 73.00 	 73.00 	 0.0000 	 0.85 
j3033_6 	 5 	 2 	 81.00 	 81.00 	 0.0000 	 1.45 
j3033_6 	 7 	 2 	 87.00 	 87.00 	 0.0000 	 4.69 
j3033_7 	 3 	 2 	 73.00 	 73.00 	 0.0000 	 0.54 
j3033_7 	 5 	 2 	 82.00 	 82.00 	 0.0000 	 0.70 
j3033_7 	 7 	 2 	 87.00 	 87.00 	 0.0000 	 0.80 
j3033_8 	 3 	 2 	 76.00 	 76.00 	 0.0000 	 2.56 
j3033_8 	 5 	 2 	 84.00 	 84.00 	 0.0000 	 3.31 
j3033_8 	 7 	 2 	 90.00 	 90.00 	 0.0000 	 6.41 
j3033_9 	 3 	 2 	 79.00 	 79.00 	 0.0000 	 2.22 
j3033_9 	 5 	 2 	 87.00 	 87.00 	 0.0000 	 3.95 
j3033_9 	 7 	 2 	 93.00 	 93.00 	 0.0000 	 4.50 
j3033_10 	 3 	 2 	 67.00 	 67.00 	 0.0000 	 0.53 
j3033_10 	 5 	 2 	 75.00 	 75.00 	 0.0000 	 0.85 
j3033_10 	 7 	 2 	 82.00 	 82.00 	 0.0000 	 1.08 
j3034_1 	 3 	 2 	 83.00 	 83.00 	 0.0000 	 0.69 
j3034_1 	 5 	 2 	 93.00 	 93.00 	 0.0000 	 0.90 
j3034_1 	 7 	 2 	 101.00 	 101.00 	 0.0000 	 1.95 
j3034_2 	 3 	 2 	 57.00 	 57.00 	 0.0000 	 0.63 
j3034_2 	 5 	 2 	 63.00 	 63.00 	 0.0000 	 0.86 
j3034_2 	 7 	 2 	 67.00 	 67.00 	 0.0000 	 0.84 
j3034_3 	 3 	 2 	 83.00 	 83.00 	 0.0000 	 0.59 
j3034_3 	 5 	 2 	 91.00 	 91.00 	 0.0000 	 0.80 
j3034_3 	 7 	 2 	 98.00 	 98.00 	 0.0000 	 0.99 
j3034_4 	 3 	 2 	 82.00 	 82.00 	 0.0000 	 0.34 
j3034_4 	 5 	 2 	 92.00 	 92.00 	 0.0000 	 0.51 
j3034_4 	 7 	 2 	 98.00 	 98.00 	 0.0000 	 0.66 
j3034_5 	 3 	 2 	 77.00 	 77.00 	 0.0000 	 0.62 
j3034_5 	 5 	 2 	 85.00 	 85.00 	 0.0000 	 0.90 
j3034_5 	 7 	 2 	 91.00 	 91.00 	 0.0000 	 0.80 
j3034_6 	 3 	 2 	 66.00 	 66.00 	 0.0000 	 0.61 
j3034_6 	 5 	 2 	 73.00 	 73.00 	 0.0000 	 0.80 
j3034_6 	 7 	 2 	 78.00 	 78.00 	 0.0000 	 1.09 
j3034_7 	 3 	 2 	 73.00 	 73.00 	 0.0000 	 0.48 
j3034_7 	 5 	 2 	 81.00 	 81.00 	 0.0000 	 0.53 
j3034_7 	 7 	 2 	 86.00 	 86.00 	 0.0000 	 0.65 
j3034_8 	 3 	 2 	 73.00 	 73.00 	 0.0000 	 0.89 
j3034_8 	 5 	 2 	 81.00 	 81.00 	 0.0000 	 1.36 
j3034_8 	 7 	 2 	 86.00 	 86.00 	 0.0000 	 1.96 
j3034_9 	 3 	 2 	 75.00 	 75.00 	 0.0000 	 0.37 
j3034_9 	 5 	 2 	 82.00 	 82.00 	 0.0000 	 0.42 
j3034_9 	 7 	 2 	 87.00 	 87.00 	 0.0000 	 0.74 
j3034_10 	 3 	 2 	 61.00 	 61.00 	 0.0000 	 0.43 
j3034_10 	 5 	 2 	 67.00 	 67.00 	 0.0000 	 0.47 
j3034_10 	 7 	 2 	 71.00 	 71.00 	 0.0000 	 0.78 
j3035_1 	 3 	 2 	 72.00 	 72.00 	 0.0000 	 0.37 
j3035_1 	 5 	 2 	 81.00 	 81.00 	 0.0000 	 0.53 
j3035_1 	 7 	 2 	 86.00 	 86.00 	 0.0000 	 0.75 
j3035_2 	 3 	 2 	 68.00 	 68.00 	 0.0000 	 0.34 
j3035_2 	 5 	 2 	 77.00 	 77.00 	 0.0000 	 0.45 
j3035_2 	 7 	 2 	 82.00 	 82.00 	 0.0000 	 0.75 
j3035_3 	 3 	 2 	 75.00 	 75.00 	 0.0000 	 0.32 
j3035_3 	 5 	 2 	 83.00 	 83.00 	 0.0000 	 0.50 
j3035_3 	 7 	 2 	 89.00 	 89.00 	 0.0000 	 0.58 
j3035_4 	 3 	 2 	 64.00 	 64.00 	 0.0000 	 0.39 
j3035_4 	 5 	 2 	 71.00 	 71.00 	 0.0000 	 0.76 
j3035_4 	 7 	 2 	 75.00 	 75.00 	 0.0000 	 0.81 
j3035_5 	 3 	 2 	 75.00 	 75.00 	 0.0000 	 0.46 
j3035_5 	 5 	 2 	 84.00 	 84.00 	 0.0000 	 0.57 
j3035_5 	 7 	 2 	 91.00 	 91.00 	 0.0000 	 0.66 
j3035_6 	 3 	 2 	 72.00 	 72.00 	 0.0000 	 0.85 
j3035_6 	 5 	 2 	 78.00 	 78.00 	 0.0000 	 0.90 
j3035_6 	 7 	 2 	 84.00 	 84.00 	 0.0000 	 1.07 
j3035_7 	 3 	 2 	 76.00 	 76.00 	 0.0000 	 0.58 
j3035_7 	 5 	 2 	 84.00 	 84.00 	 0.0000 	 0.94 
j3035_7 	 7 	 2 	 90.00 	 90.00 	 0.0000 	 1.12 
j3035_8 	 3 	 2 	 78.00 	 78.00 	 0.0000 	 0.41 
j3035_8 	 5 	 2 	 86.00 	 86.00 	 0.0000 	 0.47 
j3035_8 	 7 	 2 	 94.00 	 94.00 	 0.0000 	 0.70 
j3035_9 	 3 	 2 	 74.00 	 74.00 	 0.0000 	 0.47 
j3035_9 	 5 	 2 	 83.00 	 83.00 	 0.0000 	 0.77 
j3035_9 	 7 	 2 	 89.00 	 89.00 	 0.0000 	 1.01 
j3035_10 	 3 	 2 	 72.00 	 72.00 	 0.0000 	 0.53 
j3035_10 	 5 	 2 	 80.00 	 80.00 	 0.0000 	 0.73 
j3035_10 	 7 	 2 	 86.00 	 86.00 	 0.0000 	 0.83 
j3036_1 	 3 	 2 	 81.00 	 81.00 	 0.0000 	 0.40 
j3036_1 	 5 	 2 	 91.00 	 91.00 	 0.0000 	 0.47 
j3036_1 	 7 	 2 	 97.00 	 97.00 	 0.0000 	 0.79 
j3036_2 	 3 	 2 	 56.00 	 56.00 	 0.0000 	 0.30 
j3036_2 	 5 	 2 	 62.00 	 62.00 	 0.0000 	 0.44 
j3036_2 	 7 	 2 	 67.00 	 67.00 	 0.0000 	 0.73 
j3036_3 	 3 	 2 	 76.00 	 76.00 	 0.0000 	 0.33 
j3036_3 	 5 	 2 	 84.00 	 84.00 	 0.0000 	 0.50 
j3036_3 	 7 	 2 	 91.00 	 91.00 	 0.0000 	 0.55 
j3036_4 	 3 	 2 	 74.00 	 74.00 	 0.0000 	 0.26 
j3036_4 	 5 	 2 	 82.00 	 82.00 	 0.0000 	 0.34 
j3036_4 	 7 	 2 	 89.00 	 89.00 	 0.0000 	 0.47 
j3036_5 	 3 	 2 	 79.00 	 79.00 	 0.0000 	 0.32 
j3036_5 	 5 	 2 	 87.00 	 87.00 	 0.0000 	 0.47 
j3036_5 	 7 	 2 	 94.00 	 94.00 	 0.0000 	 0.63 
j3036_6 	 3 	 2 	 59.00 	 59.00 	 0.0000 	 0.36 
j3036_6 	 5 	 2 	 67.00 	 67.00 	 0.0000 	 0.44 
j3036_6 	 7 	 2 	 69.00 	 69.00 	 0.0000 	 0.44 
j3036_7 	 3 	 2 	 70.00 	 70.00 	 0.0000 	 0.23 
j3036_7 	 5 	 2 	 78.00 	 78.00 	 0.0000 	 0.34 
j3036_7 	 7 	 2 	 83.00 	 83.00 	 0.0000 	 0.51 
j3036_8 	 3 	 2 	 76.00 	 76.00 	 0.0000 	 0.29 
j3036_8 	 5 	 2 	 84.00 	 84.00 	 0.0000 	 0.35 
j3036_8 	 7 	 2 	 89.00 	 89.00 	 0.0000 	 0.51 
j3036_9 	 3 	 2 	 74.00 	 74.00 	 0.0000 	 0.34 
j3036_9 	 5 	 2 	 83.00 	 83.00 	 0.0000 	 0.47 
j3036_9 	 7 	 2 	 88.00 	 88.00 	 0.0000 	 0.51 
j3036_10 	 3 	 2 	 73.00 	 73.00 	 0.0000 	 0.37 
j3036_10 	 5 	 2 	 81.00 	 81.00 	 0.0000 	 0.46 
j3036_10 	 7 	 2 	 87.00 	 87.00 	 0.0000 	 0.45 
j3037_1 	 3 	 2 	 94.00 	 94.00 	 0.0000 	 105.83 
j3037_1 	 5 	 2 	 103.00 	 103.00 	 0.0000 	 261.48 
j3037_1 	 7 	 2 	 111.00 	 111.00 	 0.0000 	 822.36 
j3037_2 	 3 	 2 	 84.00 	 84.00 	 0.0000 	 57.51 
j3037_2 	 5 	 2 	 92.00 	 92.00 	 0.0000 	 84.38 
j3037_2 	 7 	 2 	 100.00 	 100.00 	 0.0000 	 141.65 
j3037_3 	 3 	 9 	 84.00 	 96.00 	 0.1250 	 1200.03 
j3037_3 	 5 	 2 	 104.00 	 104.00 	 0.0000 	 1110.60 
j3037_3 	 7 	 9 	 92.00 	 114.00 	 0.1930 	 1200.05 
j3037_4 	 3 	 9 	 89.00 	 97.00 	 0.0825 	 1200.03 
j3037_4 	 5 	 9 	 101.00 	 105.00 	 0.0381 	 1200.04 
j3037_4 	 7 	 9 	 101.00 	 113.00 	 0.1062 	 1200.06 
j3037_5 	 3 	 2 	 95.00 	 95.00 	 0.0000 	 134.76 
j3037_5 	 5 	 2 	 105.00 	 105.00 	 0.0000 	 157.53 
j3037_5 	 7 	 2 	 114.00 	 114.00 	 0.0000 	 245.36 
j3037_6 	 3 	 2 	 87.00 	 87.00 	 0.0000 	 56.41 
j3037_6 	 5 	 2 	 95.00 	 95.00 	 0.0000 	 93.82 
j3037_6 	 7 	 2 	 102.00 	 102.00 	 0.0000 	 100.52 
j3037_7 	 3 	 2 	 107.00 	 107.00 	 0.0000 	 727.25 
j3037_7 	 5 	 2 	 116.00 	 116.00 	 0.0000 	 752.53 
j3037_7 	 7 	 9 	 108.00 	 124.00 	 0.1290 	 1200.03 
j3037_8 	 3 	 2 	 87.00 	 87.00 	 0.0000 	 85.95 
j3037_8 	 5 	 2 	 96.00 	 96.00 	 0.0000 	 102.30 
j3037_8 	 7 	 2 	 104.00 	 104.00 	 0.0000 	 183.38 
j3037_9 	 3 	 2 	 71.00 	 71.00 	 0.0000 	 37.46 
j3037_9 	 5 	 2 	 77.00 	 77.00 	 0.0000 	 83.70 
j3037_9 	 7 	 2 	 82.00 	 82.00 	 0.0000 	 108.27 
j3037_10 	 3 	 2 	 95.00 	 95.00 	 0.0000 	 884.66 
j3037_10 	 5 	 2 	 103.00 	 103.00 	 0.0000 	 968.81 
j3037_10 	 7 	 9 	 108.00 	 110.00 	 0.0182 	 1200.04 
j3038_1 	 3 	 2 	 62.00 	 62.00 	 0.0000 	 2.74 
j3038_1 	 5 	 2 	 70.00 	 70.00 	 0.0000 	 2.16 
j3038_1 	 7 	 2 	 73.00 	 73.00 	 0.0000 	 7.84 
j3038_2 	 3 	 2 	 69.00 	 69.00 	 0.0000 	 2.99 
j3038_2 	 5 	 2 	 76.00 	 76.00 	 0.0000 	 5.84 
j3038_2 	 7 	 2 	 81.00 	 81.00 	 0.0000 	 8.94 
j3038_3 	 3 	 2 	 74.00 	 74.00 	 0.0000 	 9.43 
j3038_3 	 5 	 2 	 82.00 	 82.00 	 0.0000 	 20.91 
j3038_3 	 7 	 2 	 87.00 	 87.00 	 0.0000 	 29.14 
j3038_4 	 3 	 2 	 74.00 	 74.00 	 0.0000 	 1.95 
j3038_4 	 5 	 2 	 83.00 	 83.00 	 0.0000 	 3.15 
j3038_4 	 7 	 2 	 89.00 	 89.00 	 0.0000 	 5.38 
j3038_5 	 3 	 2 	 86.00 	 86.00 	 0.0000 	 15.62 
j3038_5 	 5 	 2 	 95.00 	 95.00 	 0.0000 	 16.10 
j3038_5 	 7 	 2 	 103.00 	 103.00 	 0.0000 	 43.21 
j3038_6 	 3 	 2 	 78.00 	 78.00 	 0.0000 	 6.31 
j3038_6 	 5 	 2 	 86.00 	 86.00 	 0.0000 	 5.35 
j3038_6 	 7 	 2 	 93.00 	 93.00 	 0.0000 	 12.75 
j3038_7 	 3 	 2 	 80.00 	 80.00 	 0.0000 	 7.98 
j3038_7 	 5 	 2 	 90.00 	 90.00 	 0.0000 	 17.49 
j3038_7 	 7 	 2 	 96.00 	 96.00 	 0.0000 	 10.54 
j3038_8 	 3 	 2 	 76.00 	 76.00 	 0.0000 	 7.57 
j3038_8 	 5 	 2 	 84.00 	 84.00 	 0.0000 	 3.45 
j3038_8 	 7 	 2 	 90.00 	 90.00 	 0.0000 	 11.91 
j3038_9 	 3 	 2 	 78.00 	 78.00 	 0.0000 	 15.17 
j3038_9 	 5 	 2 	 86.00 	 86.00 	 0.0000 	 24.27 
j3038_9 	 7 	 2 	 94.00 	 94.00 	 0.0000 	 40.68 
j3038_10 	 3 	 2 	 75.00 	 75.00 	 0.0000 	 10.97 
j3038_10 	 5 	 2 	 82.00 	 82.00 	 0.0000 	 11.53 
j3038_10 	 7 	 2 	 87.00 	 87.00 	 0.0000 	 14.45 
j3039_1 	 3 	 2 	 70.00 	 70.00 	 0.0000 	 0.91 
j3039_1 	 5 	 2 	 78.00 	 78.00 	 0.0000 	 1.30 
j3039_1 	 7 	 2 	 84.00 	 84.00 	 0.0000 	 1.70 
j3039_2 	 3 	 2 	 69.00 	 69.00 	 0.0000 	 1.16 
j3039_2 	 5 	 2 	 77.00 	 77.00 	 0.0000 	 1.62 
j3039_2 	 7 	 2 	 81.00 	 81.00 	 0.0000 	 1.65 
j3039_3 	 3 	 2 	 69.00 	 69.00 	 0.0000 	 2.30 
j3039_3 	 5 	 2 	 77.00 	 77.00 	 0.0000 	 2.27 
j3039_3 	 7 	 2 	 82.00 	 82.00 	 0.0000 	 4.12 
j3039_4 	 3 	 2 	 68.00 	 68.00 	 0.0000 	 1.84 
j3039_4 	 5 	 2 	 75.00 	 75.00 	 0.0000 	 2.84 
j3039_4 	 7 	 2 	 80.00 	 80.00 	 0.0000 	 3.82 
j3039_5 	 3 	 2 	 70.00 	 70.00 	 0.0000 	 1.02 
j3039_5 	 5 	 2 	 79.00 	 79.00 	 0.0000 	 1.33 
j3039_5 	 7 	 2 	 84.00 	 84.00 	 0.0000 	 1.67 
j3039_6 	 3 	 2 	 84.00 	 84.00 	 0.0000 	 1.03 
j3039_6 	 5 	 2 	 94.00 	 94.00 	 0.0000 	 2.48 
j3039_6 	 7 	 2 	 101.00 	 101.00 	 0.0000 	 1.53 
j3039_7 	 3 	 2 	 71.00 	 71.00 	 0.0000 	 1.24 
j3039_7 	 5 	 2 	 79.00 	 79.00 	 0.0000 	 1.68 
j3039_7 	 7 	 2 	 84.00 	 84.00 	 0.0000 	 2.17 
j3039_8 	 3 	 2 	 82.00 	 82.00 	 0.0000 	 0.88 
j3039_8 	 5 	 2 	 90.00 	 90.00 	 0.0000 	 1.12 
j3039_8 	 7 	 2 	 97.00 	 97.00 	 0.0000 	 1.63 
j3039_9 	 3 	 2 	 79.00 	 79.00 	 0.0000 	 1.90 
j3039_9 	 5 	 2 	 88.00 	 88.00 	 0.0000 	 5.58 
j3039_9 	 7 	 2 	 96.00 	 96.00 	 0.0000 	 7.47 
j3039_10 	 3 	 2 	 75.00 	 75.00 	 0.0000 	 3.71 
j3039_10 	 5 	 2 	 83.00 	 83.00 	 0.0000 	 6.56 
j3039_10 	 7 	 2 	 89.00 	 89.00 	 0.0000 	 8.24 
j3040_1 	 3 	 2 	 65.00 	 65.00 	 0.0000 	 0.80 
j3040_1 	 5 	 2 	 73.00 	 73.00 	 0.0000 	 1.48 
j3040_1 	 7 	 2 	 78.00 	 78.00 	 0.0000 	 1.64 
j3040_2 	 3 	 2 	 70.00 	 70.00 	 0.0000 	 0.83 
j3040_2 	 5 	 2 	 78.00 	 78.00 	 0.0000 	 1.07 
j3040_2 	 7 	 2 	 85.00 	 85.00 	 0.0000 	 1.70 
j3040_3 	 3 	 2 	 72.00 	 72.00 	 0.0000 	 0.91 
j3040_3 	 5 	 2 	 80.00 	 80.00 	 0.0000 	 1.10 
j3040_3 	 7 	 2 	 87.00 	 87.00 	 0.0000 	 1.49 
j3040_4 	 3 	 2 	 72.00 	 72.00 	 0.0000 	 0.81 
j3040_4 	 5 	 2 	 81.00 	 81.00 	 0.0000 	 1.74 
j3040_4 	 7 	 2 	 87.00 	 87.00 	 0.0000 	 1.29 
j3040_5 	 3 	 2 	 80.00 	 80.00 	 0.0000 	 0.74 
j3040_5 	 5 	 2 	 89.00 	 89.00 	 0.0000 	 0.86 
j3040_5 	 7 	 2 	 96.00 	 96.00 	 0.0000 	 1.22 
j3040_6 	 3 	 2 	 73.00 	 73.00 	 0.0000 	 0.60 
j3040_6 	 5 	 2 	 81.00 	 81.00 	 0.0000 	 1.11 
j3040_6 	 7 	 2 	 87.00 	 87.00 	 0.0000 	 1.23 
j3040_7 	 3 	 2 	 61.00 	 61.00 	 0.0000 	 0.76 
j3040_7 	 5 	 2 	 68.00 	 68.00 	 0.0000 	 1.10 
j3040_7 	 7 	 2 	 71.00 	 71.00 	 0.0000 	 1.29 
j3040_8 	 3 	 2 	 72.00 	 72.00 	 0.0000 	 0.69 
j3040_8 	 5 	 2 	 80.00 	 80.00 	 0.0000 	 1.36 
j3040_8 	 7 	 2 	 86.00 	 86.00 	 0.0000 	 1.71 
j3040_9 	 3 	 2 	 79.00 	 79.00 	 0.0000 	 0.81 
j3040_9 	 5 	 2 	 88.00 	 88.00 	 0.0000 	 1.24 
j3040_9 	 7 	 2 	 95.00 	 95.00 	 0.0000 	 1.35 
j3040_10 	 3 	 2 	 62.00 	 62.00 	 0.0000 	 0.69 
j3040_10 	 5 	 2 	 68.00 	 68.00 	 0.0000 	 1.18 
j3040_10 	 7 	 2 	 73.00 	 73.00 	 0.0000 	 1.48 
j3041_1 	 3 	 2 	 101.00 	 101.00 	 0.0000 	 988.73 
j3041_1 	 5 	 9 	 104.00 	 110.00 	 0.0545 	 1200.03 
j3041_1 	 7 	 9 	 112.00 	 117.00 	 0.0427 	 1200.03 
j3041_2 	 3 	 9 	 81.00 	 106.00 	 0.2358 	 1200.04 
j3041_2 	 5 	 9 	 84.00 	 114.00 	 0.2632 	 1200.04 
j3041_2 	 7 	 9 	 90.00 	 123.00 	 0.2683 	 1200.08 
j3041_3 	 3 	 9 	 83.00 	 102.00 	 0.1863 	 1200.06 
j3041_3 	 5 	 9 	 86.00 	 111.00 	 0.2252 	 1200.04 
j3041_3 	 7 	 9 	 90.00 	 122.00 	 0.2623 	 1200.07 
j3041_4 	 3 	 9 	 81.00 	 97.00 	 0.1649 	 1200.03 
j3041_4 	 5 	 9 	 85.00 	 107.00 	 0.2056 	 1200.24 
j3041_4 	 7 	 9 	 93.00 	 117.00 	 0.2051 	 1200.02 
j3041_5 	 3 	 9 	 98.00 	 115.00 	 0.1478 	 1200.04 
j3041_5 	 5 	 9 	 111.00 	 126.00 	 0.1190 	 1200.04 
j3041_5 	 7 	 9 	 119.00 	 136.00 	 0.1250 	 1200.01 
j3041_6 	 3 	 9 	 84.00 	 119.00 	 0.2941 	 1200.04 
j3041_6 	 5 	 9 	 93.00 	 130.00 	 0.2846 	 1200.03 
j3041_6 	 7 	 9 	 98.00 	 140.00 	 0.3000 	 1200.04 
j3041_7 	 3 	 9 	 85.00 	 113.00 	 0.2478 	 1200.03 
j3041_7 	 5 	 9 	 93.00 	 126.00 	 0.2619 	 1200.04 
j3041_7 	 7 	 9 	 99.00 	 129.00 	 0.2326 	 1200.02 
j3041_8 	 3 	 9 	 80.00 	 106.00 	 0.2453 	 1200.03 
j3041_8 	 5 	 9 	 87.00 	 119.00 	 0.2689 	 1200.04 
j3041_8 	 7 	 9 	 91.00 	 127.00 	 0.2835 	 1200.03 
j3041_9 	 3 	 9 	 100.00 	 109.00 	 0.0826 	 1200.03 
j3041_9 	 5 	 9 	 100.00 	 119.00 	 0.1597 	 1200.04 
j3041_9 	 7 	 9 	 105.00 	 123.00 	 0.1463 	 1200.01 
j3041_10 	 3 	 9 	 80.00 	 118.00 	 0.3220 	 1200.03 
j3041_10 	 5 	 9 	 92.00 	 127.00 	 0.2756 	 1200.05 
j3041_10 	 7 	 9 	 100.00 	 141.00 	 0.2908 	 1200.21 
j3042_1 	 3 	 2 	 73.00 	 73.00 	 0.0000 	 1.80 
j3042_1 	 5 	 2 	 81.00 	 81.00 	 0.0000 	 3.49 
j3042_1 	 7 	 2 	 88.00 	 88.00 	 0.0000 	 5.81 
j3042_2 	 3 	 2 	 62.00 	 62.00 	 0.0000 	 53.14 
j3042_2 	 5 	 2 	 69.00 	 69.00 	 0.0000 	 53.24 
j3042_2 	 7 	 2 	 73.00 	 73.00 	 0.0000 	 148.53 
j3042_3 	 3 	 2 	 75.00 	 75.00 	 0.0000 	 58.76 
j3042_3 	 5 	 2 	 83.00 	 83.00 	 0.0000 	 121.25 
j3042_3 	 7 	 2 	 88.00 	 88.00 	 0.0000 	 136.95 
j3042_4 	 3 	 2 	 63.00 	 63.00 	 0.0000 	 201.11 
j3042_4 	 5 	 2 	 69.00 	 69.00 	 0.0000 	 140.44 
j3042_4 	 7 	 2 	 73.00 	 73.00 	 0.0000 	 111.84 
j3042_5 	 3 	 2 	 67.00 	 67.00 	 0.0000 	 4.08 
j3042_5 	 5 	 2 	 76.00 	 76.00 	 0.0000 	 11.04 
j3042_5 	 7 	 2 	 80.00 	 80.00 	 0.0000 	 5.32 
j3042_6 	 3 	 2 	 81.00 	 81.00 	 0.0000 	 29.00 
j3042_6 	 5 	 2 	 89.00 	 89.00 	 0.0000 	 31.92 
j3042_6 	 7 	 2 	 95.00 	 95.00 	 0.0000 	 39.91 
j3042_7 	 3 	 2 	 81.00 	 81.00 	 0.0000 	 9.56 
j3042_7 	 5 	 2 	 90.00 	 90.00 	 0.0000 	 10.28 
j3042_7 	 7 	 2 	 96.00 	 96.00 	 0.0000 	 15.16 
j3042_8 	 3 	 9 	 93.00 	 97.00 	 0.0412 	 1200.03 
j3042_8 	 5 	 9 	 102.00 	 106.00 	 0.0377 	 1200.06 
j3042_8 	 7 	 9 	 110.00 	 114.00 	 0.0351 	 1200.09 
j3042_9 	 3 	 2 	 75.00 	 75.00 	 0.0000 	 164.83 
j3042_9 	 5 	 2 	 84.00 	 84.00 	 0.0000 	 29.17 
j3042_9 	 7 	 2 	 89.00 	 89.00 	 0.0000 	 104.89 
j3042_10 	 3 	 2 	 90.00 	 90.00 	 0.0000 	 1.19 
j3042_10 	 5 	 2 	 100.00 	 100.00 	 0.0000 	 1.37 
j3042_10 	 7 	 2 	 108.00 	 108.00 	 0.0000 	 2.45 
j3043_1 	 3 	 2 	 68.00 	 68.00 	 0.0000 	 12.58 
j3043_1 	 5 	 2 	 75.00 	 75.00 	 0.0000 	 104.18 
j3043_1 	 7 	 2 	 80.00 	 80.00 	 0.0000 	 51.31 
j3043_2 	 3 	 2 	 57.00 	 57.00 	 0.0000 	 2.00 
j3043_2 	 5 	 2 	 63.00 	 63.00 	 0.0000 	 2.75 
j3043_2 	 7 	 2 	 66.00 	 66.00 	 0.0000 	 3.41 
j3043_3 	 3 	 2 	 72.00 	 72.00 	 0.0000 	 16.69 
j3043_3 	 5 	 2 	 80.00 	 80.00 	 0.0000 	 26.12 
j3043_3 	 7 	 2 	 87.00 	 87.00 	 0.0000 	 39.57 
j3043_4 	 3 	 2 	 82.00 	 82.00 	 0.0000 	 1.30 
j3043_4 	 5 	 2 	 91.00 	 91.00 	 0.0000 	 1.97 
j3043_4 	 7 	 2 	 99.00 	 99.00 	 0.0000 	 2.67 
j3043_5 	 3 	 2 	 79.00 	 79.00 	 0.0000 	 45.80 
j3043_5 	 5 	 2 	 88.00 	 88.00 	 0.0000 	 43.02 
j3043_5 	 7 	 2 	 95.00 	 95.00 	 0.0000 	 63.41 
j3043_6 	 3 	 2 	 73.00 	 73.00 	 0.0000 	 5.37 
j3043_6 	 5 	 2 	 82.00 	 82.00 	 0.0000 	 10.07 
j3043_6 	 7 	 2 	 87.00 	 87.00 	 0.0000 	 15.12 
j3043_7 	 3 	 2 	 67.00 	 67.00 	 0.0000 	 1.20 
j3043_7 	 5 	 2 	 75.00 	 75.00 	 0.0000 	 1.99 
j3043_7 	 7 	 2 	 80.00 	 80.00 	 0.0000 	 2.14 
j3043_8 	 3 	 2 	 77.00 	 77.00 	 0.0000 	 9.29 
j3043_8 	 5 	 2 	 85.00 	 85.00 	 0.0000 	 11.38 
j3043_8 	 7 	 2 	 91.00 	 91.00 	 0.0000 	 20.76 
j3043_9 	 3 	 2 	 72.00 	 72.00 	 0.0000 	 34.49 
j3043_9 	 5 	 2 	 80.00 	 80.00 	 0.0000 	 33.14 
j3043_9 	 7 	 2 	 85.00 	 85.00 	 0.0000 	 242.81 
j3043_10 	 3 	 2 	 75.00 	 75.00 	 0.0000 	 32.51 
j3043_10 	 5 	 2 	 83.00 	 83.00 	 0.0000 	 28.36 
j3043_10 	 7 	 2 	 89.00 	 89.00 	 0.0000 	 46.17 
j3044_1 	 3 	 2 	 63.00 	 63.00 	 0.0000 	 2.45 
j3044_1 	 5 	 2 	 69.00 	 69.00 	 0.0000 	 1.31 
j3044_1 	 7 	 2 	 74.00 	 74.00 	 0.0000 	 2.30 
j3044_2 	 3 	 2 	 69.00 	 69.00 	 0.0000 	 0.87 
j3044_2 	 5 	 2 	 78.00 	 78.00 	 0.0000 	 1.05 
j3044_2 	 7 	 2 	 82.00 	 82.00 	 0.0000 	 1.61 
j3044_3 	 3 	 2 	 66.00 	 66.00 	 0.0000 	 0.90 
j3044_3 	 5 	 2 	 74.00 	 74.00 	 0.0000 	 1.30 
j3044_3 	 7 	 2 	 79.00 	 79.00 	 0.0000 	 1.51 
j3044_4 	 3 	 2 	 72.00 	 72.00 	 0.0000 	 0.76 
j3044_4 	 5 	 2 	 81.00 	 81.00 	 0.0000 	 1.15 
j3044_4 	 7 	 2 	 86.00 	 86.00 	 0.0000 	 1.55 
j3044_5 	 3 	 2 	 70.00 	 70.00 	 0.0000 	 0.99 
j3044_5 	 5 	 2 	 78.00 	 78.00 	 0.0000 	 1.33 
j3044_5 	 7 	 2 	 85.00 	 85.00 	 0.0000 	 1.88 
j3044_6 	 3 	 2 	 70.00 	 70.00 	 0.0000 	 0.96 
j3044_6 	 5 	 2 	 76.00 	 76.00 	 0.0000 	 1.08 
j3044_6 	 7 	 2 	 82.00 	 82.00 	 0.0000 	 1.34 
j3044_7 	 3 	 2 	 55.00 	 55.00 	 0.0000 	 1.18 
j3044_7 	 5 	 2 	 61.00 	 61.00 	 0.0000 	 1.80 
j3044_7 	 7 	 2 	 63.00 	 63.00 	 0.0000 	 2.17 
j3044_8 	 3 	 2 	 62.00 	 62.00 	 0.0000 	 1.60 
j3044_8 	 5 	 2 	 69.00 	 69.00 	 0.0000 	 2.33 
j3044_8 	 7 	 2 	 74.00 	 74.00 	 0.0000 	 3.18 
j3044_9 	 3 	 2 	 79.00 	 79.00 	 0.0000 	 0.80 
j3044_9 	 5 	 2 	 86.00 	 86.00 	 0.0000 	 1.17 
j3044_9 	 7 	 2 	 92.00 	 92.00 	 0.0000 	 1.37 
j3044_10 	 3 	 2 	 78.00 	 78.00 	 0.0000 	 0.73 
j3044_10 	 5 	 2 	 88.00 	 88.00 	 0.0000 	 1.09 
j3044_10 	 7 	 2 	 95.00 	 95.00 	 0.0000 	 1.56 
j3045_1 	 3 	 9 	 68.00 	 105.00 	 0.3524 	 1200.05 
j3045_1 	 5 	 9 	 76.00 	 114.00 	 0.3333 	 1200.06 
j3045_1 	 7 	 9 	 80.00 	 121.00 	 0.3388 	 1200.01 
j3045_2 	 3 	 9 	 78.00 	 143.00 	 0.4545 	 1200.03 
j3045_2 	 5 	 9 	 87.00 	 166.00 	 0.4759 	 1200.04 
j3045_2 	 7 	 9 	 93.00 	 162.00 	 0.4259 	 1200.04 
j3045_3 	 3 	 9 	 78.00 	 114.00 	 0.3158 	 1200.02 
j3045_3 	 5 	 9 	 85.00 	 122.00 	 0.3033 	 1200.01 
j3045_3 	 7 	 9 	 90.00 	 130.00 	 0.3077 	 1200.05 
j3045_4 	 3 	 9 	 77.00 	 106.00 	 0.2736 	 1200.05 
j3045_4 	 5 	 9 	 83.00 	 115.00 	 0.2783 	 1200.07 
j3045_4 	 7 	 9 	 86.00 	 124.00 	 0.3065 	 1200.04 
j3045_5 	 3 	 9 	 76.00 	 105.00 	 0.2762 	 1200.03 
j3045_5 	 5 	 9 	 84.00 	 124.00 	 0.3226 	 1200.03 
j3045_5 	 7 	 9 	 90.00 	 128.00 	 0.2969 	 1200.05 
j3045_6 	 3 	 9 	 94.00 	 162.00 	 0.4198 	 1200.04 
j3045_6 	 5 	 9 	 104.00 	 167.00 	 0.3772 	 1200.03 
j3045_6 	 7 	 9 	 111.00 	 182.00 	 0.3901 	 1200.06 
j3045_7 	 3 	 9 	 93.00 	 125.00 	 0.2560 	 1200.05 
j3045_7 	 5 	 9 	 99.00 	 132.00 	 0.2500 	 1200.05 
j3045_7 	 7 	 9 	 106.00 	 142.00 	 0.2535 	 1200.33 
j3045_8 	 3 	 9 	 91.00 	 111.00 	 0.1802 	 1200.03 
j3045_8 	 5 	 9 	 94.00 	 118.00 	 0.2034 	 1200.04 
j3045_8 	 7 	 9 	 103.00 	 133.00 	 0.2256 	 1200.05 
j3045_9 	 3 	 9 	 74.00 	 106.00 	 0.3019 	 1200.04 
j3045_9 	 5 	 9 	 80.00 	 123.00 	 0.3496 	 1200.03 
j3045_9 	 7 	 9 	 85.00 	 122.00 	 0.3033 	 1200.05 
j3045_10 	 3 	 9 	 73.00 	 115.00 	 0.3652 	 1200.02 
j3045_10 	 5 	 9 	 81.00 	 123.00 	 0.3415 	 1200.08 
j3045_10 	 7 	 9 	 86.00 	 122.00 	 0.2951 	 1200.04 
j3046_1 	 3 	 9 	 73.00 	 74.00 	 0.0135 	 1200.04 
j3046_1 	 5 	 9 	 80.00 	 81.00 	 0.0123 	 1200.08 
j3046_1 	 7 	 2 	 86.00 	 86.00 	 0.0000 	 679.93 
j3046_2 	 3 	 9 	 78.00 	 81.00 	 0.0370 	 1200.04 
j3046_2 	 5 	 9 	 86.00 	 89.00 	 0.0337 	 1200.04 
j3046_2 	 7 	 9 	 93.00 	 97.00 	 0.0412 	 1200.05 
j3046_3 	 3 	 9 	 79.00 	 80.00 	 0.0125 	 1200.04 
j3046_3 	 5 	 2 	 88.00 	 88.00 	 0.0000 	 274.27 
j3046_3 	 7 	 2 	 95.00 	 95.00 	 0.0000 	 1175.43 
j3046_4 	 3 	 2 	 79.00 	 79.00 	 0.0000 	 440.79 
j3046_4 	 5 	 2 	 87.00 	 87.00 	 0.0000 	 983.21 
j3046_4 	 7 	 2 	 93.00 	 93.00 	 0.0000 	 783.74 
j3046_5 	 3 	 2 	 72.00 	 72.00 	 0.0000 	 80.81 
j3046_5 	 5 	 2 	 81.00 	 81.00 	 0.0000 	 98.49 
j3046_5 	 7 	 2 	 86.00 	 86.00 	 0.0000 	 66.78 
j3046_6 	 3 	 2 	 73.00 	 73.00 	 0.0000 	 641.91 
j3046_6 	 5 	 2 	 80.00 	 80.00 	 0.0000 	 102.53 
j3046_6 	 7 	 9 	 85.00 	 86.00 	 0.0116 	 1200.04 
j3046_7 	 3 	 9 	 63.00 	 74.00 	 0.1486 	 1200.04 
j3046_7 	 5 	 9 	 71.00 	 81.00 	 0.1235 	 1200.03 
j3046_7 	 7 	 9 	 74.00 	 89.00 	 0.1685 	 1200.05 
j3046_8 	 3 	 9 	 72.00 	 73.00 	 0.0137 	 1200.03 
j3046_8 	 5 	 2 	 81.00 	 81.00 	 0.0000 	 677.04 
j3046_8 	 7 	 2 	 87.00 	 87.00 	 0.0000 	 714.47 
j3046_9 	 3 	 2 	 64.00 	 64.00 	 0.0000 	 315.33 
j3046_9 	 5 	 2 	 70.00 	 70.00 	 0.0000 	 922.56 
j3046_9 	 7 	 2 	 74.00 	 74.00 	 0.0000 	 327.68 
j3046_10 	 3 	 9 	 65.00 	 70.00 	 0.0714 	 1200.05 
j3046_10 	 5 	 9 	 73.00 	 77.00 	 0.0519 	 1200.04 
j3046_10 	 7 	 9 	 73.00 	 81.00 	 0.0988 	 1200.05 
j3047_1 	 3 	 2 	 72.00 	 72.00 	 0.0000 	 5.56 
j3047_1 	 5 	 2 	 80.00 	 80.00 	 0.0000 	 6.48 
j3047_1 	 7 	 2 	 85.00 	 85.00 	 0.0000 	 13.65 
j3047_2 	 3 	 2 	 73.00 	 73.00 	 0.0000 	 1.87 
j3047_2 	 5 	 2 	 81.00 	 81.00 	 0.0000 	 1.66 
j3047_2 	 7 	 2 	 87.00 	 87.00 	 0.0000 	 2.98 
j3047_3 	 3 	 2 	 70.00 	 70.00 	 0.0000 	 1.99 
j3047_3 	 5 	 2 	 78.00 	 78.00 	 0.0000 	 5.25 
j3047_3 	 7 	 2 	 84.00 	 84.00 	 0.0000 	 2.37 
j3047_4 	 3 	 2 	 62.00 	 62.00 	 0.0000 	 17.82 
j3047_4 	 5 	 2 	 68.00 	 68.00 	 0.0000 	 31.11 
j3047_4 	 7 	 2 	 72.00 	 72.00 	 0.0000 	 20.31 
j3047_5 	 3 	 2 	 60.00 	 60.00 	 0.0000 	 39.33 
j3047_5 	 5 	 2 	 66.00 	 66.00 	 0.0000 	 46.57 
j3047_5 	 7 	 2 	 70.00 	 70.00 	 0.0000 	 54.88 
j3047_6 	 3 	 2 	 68.00 	 68.00 	 0.0000 	 18.62 
j3047_6 	 5 	 2 	 75.00 	 75.00 	 0.0000 	 27.61 
j3047_6 	 7 	 2 	 79.00 	 79.00 	 0.0000 	 47.02 
j3047_7 	 3 	 2 	 81.00 	 81.00 	 0.0000 	 282.39 
j3047_7 	 5 	 2 	 89.00 	 89.00 	 0.0000 	 368.05 
j3047_7 	 7 	 2 	 96.00 	 96.00 	 0.0000 	 518.46 
j3047_8 	 3 	 2 	 62.00 	 62.00 	 0.0000 	 1.97 
j3047_8 	 5 	 2 	 70.00 	 70.00 	 0.0000 	 2.31 
j3047_8 	 7 	 2 	 73.00 	 73.00 	 0.0000 	 3.74 
j3047_9 	 3 	 2 	 80.00 	 80.00 	 0.0000 	 2.21 
j3047_9 	 5 	 2 	 90.00 	 90.00 	 0.0000 	 1.39 
j3047_9 	 7 	 2 	 97.00 	 97.00 	 0.0000 	 2.79 
j3047_10 	 3 	 2 	 74.00 	 74.00 	 0.0000 	 436.68 
j3047_10 	 5 	 2 	 81.00 	 81.00 	 0.0000 	 282.52 
j3047_10 	 7 	 2 	 86.00 	 86.00 	 0.0000 	 179.68 
j3048_1 	 3 	 2 	 78.00 	 78.00 	 0.0000 	 1.01 
j3048_1 	 5 	 2 	 85.00 	 85.00 	 0.0000 	 1.44 
j3048_1 	 7 	 2 	 91.00 	 91.00 	 0.0000 	 1.67 
j3048_2 	 3 	 2 	 66.00 	 66.00 	 0.0000 	 1.60 
j3048_2 	 5 	 2 	 73.00 	 73.00 	 0.0000 	 1.73 
j3048_2 	 7 	 2 	 78.00 	 78.00 	 0.0000 	 1.39 
j3048_3 	 3 	 2 	 64.00 	 64.00 	 0.0000 	 1.23 
j3048_3 	 5 	 2 	 71.00 	 71.00 	 0.0000 	 1.24 
j3048_3 	 7 	 2 	 76.00 	 76.00 	 0.0000 	 1.76 
j3048_4 	 3 	 2 	 72.00 	 72.00 	 0.0000 	 1.51 
j3048_4 	 5 	 2 	 81.00 	 81.00 	 0.0000 	 1.44 
j3048_4 	 7 	 2 	 86.00 	 86.00 	 0.0000 	 1.63 
j3048_5 	 3 	 2 	 73.00 	 73.00 	 0.0000 	 2.49 
j3048_5 	 5 	 2 	 83.00 	 83.00 	 0.0000 	 2.27 
j3048_5 	 7 	 2 	 89.00 	 89.00 	 0.0000 	 2.26 
j3048_6 	 3 	 2 	 73.00 	 73.00 	 0.0000 	 0.85 
j3048_6 	 5 	 2 	 82.00 	 82.00 	 0.0000 	 1.37 
j3048_6 	 7 	 2 	 87.00 	 87.00 	 0.0000 	 1.36 
j3048_7 	 3 	 2 	 68.00 	 68.00 	 0.0000 	 1.42 
j3048_7 	 5 	 2 	 74.00 	 74.00 	 0.0000 	 1.83 
j3048_7 	 7 	 2 	 80.00 	 80.00 	 0.0000 	 2.51 
j3048_8 	 3 	 2 	 58.00 	 58.00 	 0.0000 	 1.01 
j3048_8 	 5 	 2 	 64.00 	 64.00 	 0.0000 	 1.36 
j3048_8 	 7 	 2 	 68.00 	 68.00 	 0.0000 	 1.64 
j3048_9 	 3 	 2 	 74.00 	 74.00 	 0.0000 	 1.41 
j3048_9 	 5 	 2 	 83.00 	 83.00 	 0.0000 	 1.45 
j3048_9 	 7 	 2 	 89.00 	 89.00 	 0.0000 	 1.74 
j3048_10 	 3 	 2 	 67.00 	 67.00 	 0.0000 	 1.16 
j3048_10 	 5 	 2 	 75.00 	 75.00 	 0.0000 	 1.88 
j3048_10 	 7 	 2 	 82.00 	 82.00 	 0.0000 	 1.92 
