instance 	 Gamma 	 status 	 objbound 	 objval 	 mipgap 	 runtime 
j301_1 	 3 	 2 	 56.00 	 56.00 	 0.0000 	 1.99 
j301_1 	 5 	 2 	 62.00 	 62.00 	 0.0000 	 3.83 
j301_1 	 7 	 2 	 65.00 	 65.00 	 0.0000 	 6.44 
j301_2 	 3 	 2 	 62.00 	 62.00 	 0.0000 	 1.20 
j301_2 	 5 	 2 	 68.00 	 68.00 	 0.0000 	 3.03 
j301_2 	 7 	 2 	 71.00 	 71.00 	 0.0000 	 4.87 
j301_3 	 3 	 2 	 60.00 	 60.00 	 0.0000 	 0.72 
j301_3 	 5 	 2 	 66.00 	 66.00 	 0.0000 	 1.38 
j301_3 	 7 	 2 	 69.00 	 69.00 	 0.0000 	 1.59 
j301_4 	 3 	 2 	 77.00 	 77.00 	 0.0000 	 4.18 
j301_4 	 5 	 2 	 87.00 	 87.00 	 0.0000 	 4.72 
j301_4 	 7 	 2 	 95.00 	 95.00 	 0.0000 	 6.07 
j301_5 	 3 	 2 	 50.00 	 50.00 	 0.0000 	 4.53 
j301_5 	 5 	 2 	 55.00 	 55.00 	 0.0000 	 9.96 
j301_5 	 7 	 2 	 58.00 	 58.00 	 0.0000 	 14.73 
j301_6 	 3 	 2 	 63.00 	 63.00 	 0.0000 	 1.55 
j301_6 	 5 	 2 	 70.00 	 70.00 	 0.0000 	 6.49 
j301_6 	 7 	 2 	 74.00 	 74.00 	 0.0000 	 10.56 
j301_7 	 3 	 2 	 73.00 	 73.00 	 0.0000 	 0.35 
j301_7 	 5 	 2 	 81.00 	 81.00 	 0.0000 	 0.66 
j301_7 	 7 	 2 	 88.00 	 88.00 	 0.0000 	 0.90 
j301_8 	 3 	 2 	 68.00 	 68.00 	 0.0000 	 0.37 
j301_8 	 5 	 2 	 75.00 	 75.00 	 0.0000 	 1.22 
j301_8 	 7 	 2 	 80.00 	 80.00 	 0.0000 	 1.02 
j301_9 	 3 	 2 	 62.00 	 62.00 	 0.0000 	 4.28 
j301_9 	 5 	 2 	 68.00 	 68.00 	 0.0000 	 10.31 
j301_9 	 7 	 2 	 73.00 	 73.00 	 0.0000 	 21.62 
j301_10 	 3 	 2 	 59.00 	 59.00 	 0.0000 	 0.62 
j301_10 	 5 	 2 	 65.00 	 65.00 	 0.0000 	 2.80 
j301_10 	 7 	 2 	 69.00 	 69.00 	 0.0000 	 3.00 
j302_1 	 3 	 2 	 50.00 	 50.00 	 0.0000 	 0.81 
j302_1 	 5 	 2 	 56.00 	 56.00 	 0.0000 	 1.57 
j302_1 	 7 	 2 	 59.00 	 59.00 	 0.0000 	 2.45 
j302_2 	 3 	 2 	 66.00 	 66.00 	 0.0000 	 0.66 
j302_2 	 5 	 2 	 75.00 	 75.00 	 0.0000 	 1.05 
j302_2 	 7 	 2 	 78.00 	 78.00 	 0.0000 	 1.90 
j302_3 	 3 	 2 	 58.00 	 58.00 	 0.0000 	 0.39 
j302_3 	 5 	 2 	 63.00 	 63.00 	 0.0000 	 0.71 
j302_3 	 7 	 2 	 65.00 	 65.00 	 0.0000 	 0.99 
j302_4 	 3 	 2 	 56.00 	 56.00 	 0.0000 	 0.41 
j302_4 	 5 	 2 	 63.00 	 63.00 	 0.0000 	 0.79 
j302_4 	 7 	 2 	 67.00 	 67.00 	 0.0000 	 1.15 
j302_5 	 3 	 2 	 66.00 	 66.00 	 0.0000 	 0.37 
j302_5 	 5 	 2 	 74.00 	 74.00 	 0.0000 	 1.17 
j302_5 	 7 	 2 	 78.00 	 78.00 	 0.0000 	 0.97 
j302_6 	 3 	 2 	 61.00 	 61.00 	 0.0000 	 0.53 
j302_6 	 5 	 2 	 68.00 	 68.00 	 0.0000 	 0.71 
j302_6 	 7 	 2 	 72.00 	 72.00 	 0.0000 	 0.87 
j302_7 	 3 	 2 	 59.00 	 59.00 	 0.0000 	 0.40 
j302_7 	 5 	 2 	 66.00 	 66.00 	 0.0000 	 0.60 
j302_7 	 7 	 2 	 71.00 	 71.00 	 0.0000 	 0.98 
j302_8 	 3 	 2 	 68.00 	 68.00 	 0.0000 	 6.27 
j302_8 	 5 	 2 	 74.00 	 74.00 	 0.0000 	 5.86 
j302_8 	 7 	 2 	 79.00 	 79.00 	 0.0000 	 10.66 
j302_9 	 3 	 2 	 68.00 	 68.00 	 0.0000 	 0.99 
j302_9 	 5 	 2 	 76.00 	 76.00 	 0.0000 	 1.38 
j302_9 	 7 	 2 	 82.00 	 82.00 	 0.0000 	 3.98 
j302_10 	 3 	 2 	 58.00 	 58.00 	 0.0000 	 0.63 
j302_10 	 5 	 2 	 65.00 	 65.00 	 0.0000 	 1.83 
j302_10 	 7 	 2 	 66.00 	 66.00 	 0.0000 	 3.29 
j303_1 	 3 	 2 	 87.00 	 87.00 	 0.0000 	 0.41 
j303_1 	 5 	 2 	 96.00 	 96.00 	 0.0000 	 0.62 
j303_1 	 7 	 2 	 104.00 	 104.00 	 0.0000 	 0.91 
j303_2 	 3 	 2 	 53.00 	 53.00 	 0.0000 	 0.49 
j303_2 	 5 	 2 	 60.00 	 60.00 	 0.0000 	 1.01 
j303_2 	 7 	 2 	 62.00 	 62.00 	 0.0000 	 1.41 
j303_3 	 3 	 2 	 72.00 	 72.00 	 0.0000 	 0.40 
j303_3 	 5 	 2 	 80.00 	 80.00 	 0.0000 	 0.65 
j303_3 	 7 	 2 	 85.00 	 85.00 	 0.0000 	 0.85 
j303_4 	 3 	 2 	 113.00 	 113.00 	 0.0000 	 0.31 
j303_4 	 5 	 2 	 123.00 	 123.00 	 0.0000 	 0.60 
j303_4 	 7 	 2 	 132.00 	 132.00 	 0.0000 	 0.68 
j303_5 	 3 	 2 	 68.00 	 68.00 	 0.0000 	 0.58 
j303_5 	 5 	 2 	 77.00 	 77.00 	 0.0000 	 0.93 
j303_5 	 7 	 2 	 81.00 	 81.00 	 0.0000 	 1.20 
j303_6 	 3 	 2 	 69.00 	 69.00 	 0.0000 	 0.46 
j303_6 	 5 	 2 	 77.00 	 77.00 	 0.0000 	 0.72 
j303_6 	 7 	 2 	 80.00 	 80.00 	 0.0000 	 1.03 
j303_7 	 3 	 2 	 62.00 	 62.00 	 0.0000 	 0.43 
j303_7 	 5 	 2 	 69.00 	 69.00 	 0.0000 	 0.68 
j303_7 	 7 	 2 	 72.00 	 72.00 	 0.0000 	 0.90 
j303_8 	 3 	 2 	 69.00 	 69.00 	 0.0000 	 0.29 
j303_8 	 5 	 2 	 76.00 	 76.00 	 0.0000 	 0.48 
j303_8 	 7 	 2 	 81.00 	 81.00 	 0.0000 	 0.90 
j303_9 	 3 	 2 	 80.00 	 80.00 	 0.0000 	 1.09 
j303_9 	 5 	 2 	 89.00 	 89.00 	 0.0000 	 1.49 
j303_9 	 7 	 2 	 96.00 	 96.00 	 0.0000 	 3.14 
j303_10 	 3 	 2 	 73.00 	 73.00 	 0.0000 	 0.78 
j303_10 	 5 	 2 	 81.00 	 81.00 	 0.0000 	 1.28 
j303_10 	 7 	 2 	 88.00 	 88.00 	 0.0000 	 2.79 
j304_1 	 3 	 2 	 62.00 	 62.00 	 0.0000 	 0.32 
j304_1 	 5 	 2 	 70.00 	 70.00 	 0.0000 	 0.50 
j304_1 	 7 	 2 	 75.00 	 75.00 	 0.0000 	 0.81 
j304_2 	 3 	 2 	 73.00 	 73.00 	 0.0000 	 0.30 
j304_2 	 5 	 2 	 80.00 	 80.00 	 0.0000 	 0.61 
j304_2 	 7 	 2 	 86.00 	 86.00 	 0.0000 	 0.76 
j304_3 	 3 	 2 	 61.00 	 61.00 	 0.0000 	 0.32 
j304_3 	 5 	 2 	 67.00 	 67.00 	 0.0000 	 0.57 
j304_3 	 7 	 2 	 72.00 	 72.00 	 0.0000 	 0.82 
j304_4 	 3 	 2 	 72.00 	 72.00 	 0.0000 	 0.28 
j304_4 	 5 	 2 	 80.00 	 80.00 	 0.0000 	 0.52 
j304_4 	 7 	 2 	 85.00 	 85.00 	 0.0000 	 0.74 
j304_5 	 3 	 2 	 74.00 	 74.00 	 0.0000 	 0.40 
j304_5 	 5 	 2 	 83.00 	 83.00 	 0.0000 	 0.63 
j304_5 	 7 	 2 	 88.00 	 88.00 	 0.0000 	 0.71 
j304_6 	 3 	 2 	 60.00 	 60.00 	 0.0000 	 0.38 
j304_6 	 5 	 2 	 68.00 	 68.00 	 0.0000 	 0.62 
j304_6 	 7 	 2 	 69.00 	 69.00 	 0.0000 	 0.95 
j304_7 	 3 	 2 	 69.00 	 69.00 	 0.0000 	 0.53 
j304_7 	 5 	 2 	 76.00 	 76.00 	 0.0000 	 0.51 
j304_7 	 7 	 2 	 82.00 	 82.00 	 0.0000 	 1.28 
j304_8 	 3 	 2 	 70.00 	 70.00 	 0.0000 	 0.30 
j304_8 	 5 	 2 	 77.00 	 77.00 	 0.0000 	 0.51 
j304_8 	 7 	 2 	 83.00 	 83.00 	 0.0000 	 0.88 
j304_9 	 3 	 2 	 51.00 	 51.00 	 0.0000 	 0.62 
j304_9 	 5 	 2 	 56.00 	 56.00 	 0.0000 	 1.05 
j304_9 	 7 	 2 	 58.00 	 58.00 	 0.0000 	 0.87 
j304_10 	 3 	 2 	 62.00 	 62.00 	 0.0000 	 0.33 
j304_10 	 5 	 2 	 70.00 	 70.00 	 0.0000 	 0.77 
j304_10 	 7 	 2 	 73.00 	 73.00 	 0.0000 	 1.00 
j305_1 	 3 	 9 	 58.00 	 66.00 	 0.1212 	 1200.01 
j305_1 	 5 	 9 	 63.00 	 73.00 	 0.1370 	 1200.01 
j305_1 	 7 	 9 	 65.00 	 78.00 	 0.1667 	 1200.01 
j305_2 	 3 	 9 	 84.00 	 97.00 	 0.1340 	 1200.02 
j305_2 	 5 	 9 	 91.00 	 105.00 	 0.1333 	 1200.02 
j305_2 	 7 	 9 	 89.00 	 113.00 	 0.2124 	 1200.02 
j305_3 	 3 	 9 	 74.00 	 101.00 	 0.2673 	 1200.01 
j305_3 	 5 	 9 	 80.00 	 106.00 	 0.2453 	 1200.04 
j305_3 	 7 	 9 	 84.00 	 118.00 	 0.2881 	 1200.02 
j305_4 	 3 	 9 	 69.00 	 78.00 	 0.1154 	 1200.01 
j305_4 	 5 	 9 	 73.00 	 87.00 	 0.1609 	 1200.01 
j305_4 	 7 	 9 	 79.00 	 98.00 	 0.1939 	 1200.02 
j305_5 	 3 	 2 	 91.00 	 91.00 	 0.0000 	 1155.78 
j305_5 	 5 	 9 	 97.00 	 100.00 	 0.0300 	 1200.01 
j305_5 	 7 	 9 	 99.00 	 106.00 	 0.0660 	 1200.03 
j305_6 	 3 	 9 	 69.00 	 82.00 	 0.1585 	 1200.01 
j305_6 	 5 	 9 	 75.00 	 89.00 	 0.1573 	 1200.02 
j305_6 	 7 	 9 	 77.00 	 99.00 	 0.2222 	 1200.03 
j305_7 	 3 	 9 	 72.00 	 95.00 	 0.2421 	 1200.01 
j305_7 	 5 	 9 	 79.00 	 105.00 	 0.2476 	 1200.02 
j305_7 	 7 	 9 	 84.00 	 121.00 	 0.3058 	 1200.02 
j305_8 	 3 	 9 	 68.00 	 90.00 	 0.2444 	 1200.02 
j305_8 	 5 	 9 	 76.00 	 95.00 	 0.2000 	 1200.03 
j305_8 	 7 	 9 	 82.00 	 105.00 	 0.2190 	 1200.02 
j305_9 	 3 	 9 	 63.00 	 64.00 	 0.0156 	 1200.01 
j305_9 	 5 	 9 	 69.00 	 70.00 	 0.0143 	 1200.01 
j305_9 	 7 	 9 	 71.00 	 75.00 	 0.0533 	 1200.01 
j305_10 	 3 	 9 	 80.00 	 85.00 	 0.0588 	 1200.01 
j305_10 	 5 	 9 	 88.00 	 94.00 	 0.0638 	 1200.01 
j305_10 	 7 	 9 	 91.00 	 104.00 	 0.1250 	 1200.02 
j306_1 	 3 	 2 	 74.00 	 74.00 	 0.0000 	 101.72 
j306_1 	 5 	 2 	 82.00 	 82.00 	 0.0000 	 357.22 
j306_1 	 7 	 2 	 88.00 	 88.00 	 0.0000 	 424.32 
j306_2 	 3 	 9 	 65.00 	 66.00 	 0.0152 	 1200.01 
j306_2 	 5 	 2 	 73.00 	 73.00 	 0.0000 	 227.43 
j306_2 	 7 	 2 	 77.00 	 77.00 	 0.0000 	 400.08 
j306_3 	 3 	 2 	 61.00 	 61.00 	 0.0000 	 3.73 
j306_3 	 5 	 2 	 68.00 	 68.00 	 0.0000 	 5.52 
j306_3 	 7 	 2 	 73.00 	 73.00 	 0.0000 	 9.17 
j306_4 	 3 	 2 	 55.00 	 55.00 	 0.0000 	 89.37 
j306_4 	 5 	 2 	 62.00 	 62.00 	 0.0000 	 77.33 
j306_4 	 7 	 2 	 65.00 	 65.00 	 0.0000 	 296.43 
j306_5 	 3 	 2 	 82.00 	 82.00 	 0.0000 	 15.11 
j306_5 	 5 	 2 	 90.00 	 90.00 	 0.0000 	 16.35 
j306_5 	 7 	 2 	 98.00 	 98.00 	 0.0000 	 30.25 
j306_6 	 3 	 2 	 47.00 	 47.00 	 0.0000 	 3.52 
j306_6 	 5 	 2 	 52.00 	 52.00 	 0.0000 	 3.48 
j306_6 	 7 	 2 	 56.00 	 56.00 	 0.0000 	 4.08 
j306_7 	 3 	 2 	 60.00 	 60.00 	 0.0000 	 3.42 
j306_7 	 5 	 2 	 66.00 	 66.00 	 0.0000 	 5.57 
j306_7 	 7 	 2 	 70.00 	 70.00 	 0.0000 	 6.75 
j306_8 	 3 	 2 	 53.00 	 53.00 	 0.0000 	 7.96 
j306_8 	 5 	 2 	 59.00 	 59.00 	 0.0000 	 37.52 
j306_8 	 7 	 2 	 60.00 	 60.00 	 0.0000 	 421.45 
j306_9 	 3 	 2 	 64.00 	 64.00 	 0.0000 	 4.55 
j306_9 	 5 	 2 	 72.00 	 72.00 	 0.0000 	 5.36 
j306_9 	 7 	 2 	 77.00 	 77.00 	 0.0000 	 10.05 
j306_10 	 3 	 2 	 76.00 	 76.00 	 0.0000 	 23.70 
j306_10 	 5 	 2 	 84.00 	 84.00 	 0.0000 	 19.56 
j306_10 	 7 	 2 	 90.00 	 90.00 	 0.0000 	 43.81 
j307_1 	 3 	 2 	 70.00 	 70.00 	 0.0000 	 0.41 
j307_1 	 5 	 2 	 76.00 	 76.00 	 0.0000 	 0.92 
j307_1 	 7 	 2 	 81.00 	 81.00 	 0.0000 	 1.17 
j307_2 	 3 	 2 	 56.00 	 56.00 	 0.0000 	 0.49 
j307_2 	 5 	 2 	 62.00 	 62.00 	 0.0000 	 1.03 
j307_2 	 7 	 2 	 65.00 	 65.00 	 0.0000 	 1.23 
j307_3 	 3 	 2 	 55.00 	 55.00 	 0.0000 	 0.73 
j307_3 	 5 	 2 	 60.00 	 60.00 	 0.0000 	 1.36 
j307_3 	 7 	 2 	 63.00 	 63.00 	 0.0000 	 1.77 
j307_4 	 3 	 2 	 56.00 	 56.00 	 0.0000 	 1.08 
j307_4 	 5 	 2 	 62.00 	 62.00 	 0.0000 	 1.72 
j307_4 	 7 	 2 	 67.00 	 67.00 	 0.0000 	 7.82 
j307_5 	 3 	 2 	 58.00 	 58.00 	 0.0000 	 1.39 
j307_5 	 5 	 2 	 65.00 	 65.00 	 0.0000 	 4.61 
j307_5 	 7 	 2 	 68.00 	 68.00 	 0.0000 	 5.33 
j307_6 	 3 	 2 	 47.00 	 47.00 	 0.0000 	 0.48 
j307_6 	 5 	 2 	 52.00 	 52.00 	 0.0000 	 0.89 
j307_6 	 7 	 2 	 55.00 	 55.00 	 0.0000 	 1.34 
j307_7 	 3 	 2 	 65.00 	 65.00 	 0.0000 	 1.71 
j307_7 	 5 	 2 	 71.00 	 71.00 	 0.0000 	 6.63 
j307_7 	 7 	 2 	 75.00 	 75.00 	 0.0000 	 6.18 
j307_8 	 3 	 2 	 56.00 	 56.00 	 0.0000 	 1.93 
j307_8 	 5 	 2 	 63.00 	 63.00 	 0.0000 	 1.90 
j307_8 	 7 	 2 	 67.00 	 67.00 	 0.0000 	 10.39 
j307_9 	 3 	 2 	 75.00 	 75.00 	 0.0000 	 2.06 
j307_9 	 5 	 2 	 83.00 	 83.00 	 0.0000 	 5.49 
j307_9 	 7 	 2 	 88.00 	 88.00 	 0.0000 	 5.93 
j307_10 	 3 	 2 	 62.00 	 62.00 	 0.0000 	 3.18 
j307_10 	 5 	 2 	 68.00 	 68.00 	 0.0000 	 5.33 
j307_10 	 7 	 2 	 72.00 	 72.00 	 0.0000 	 8.13 
j308_1 	 3 	 2 	 59.00 	 59.00 	 0.0000 	 0.49 
j308_1 	 5 	 2 	 67.00 	 67.00 	 0.0000 	 0.92 
j308_1 	 7 	 2 	 68.00 	 68.00 	 0.0000 	 1.33 
j308_2 	 3 	 2 	 64.00 	 64.00 	 0.0000 	 0.43 
j308_2 	 5 	 2 	 71.00 	 71.00 	 0.0000 	 0.94 
j308_2 	 7 	 2 	 77.00 	 77.00 	 0.0000 	 1.29 
j308_3 	 3 	 2 	 66.00 	 66.00 	 0.0000 	 0.38 
j308_3 	 5 	 2 	 73.00 	 73.00 	 0.0000 	 0.85 
j308_3 	 7 	 2 	 79.00 	 79.00 	 0.0000 	 2.37 
j308_4 	 3 	 2 	 61.00 	 61.00 	 0.0000 	 0.48 
j308_4 	 5 	 2 	 68.00 	 68.00 	 0.0000 	 0.94 
j308_4 	 7 	 2 	 72.00 	 72.00 	 0.0000 	 1.26 
j308_5 	 3 	 2 	 73.00 	 73.00 	 0.0000 	 0.39 
j308_5 	 5 	 2 	 80.00 	 80.00 	 0.0000 	 0.99 
j308_5 	 7 	 2 	 85.00 	 85.00 	 0.0000 	 1.30 
j308_6 	 3 	 2 	 62.00 	 62.00 	 0.0000 	 0.48 
j308_6 	 5 	 2 	 68.00 	 68.00 	 0.0000 	 0.95 
j308_6 	 7 	 2 	 72.00 	 72.00 	 0.0000 	 1.18 
j308_7 	 3 	 2 	 53.00 	 53.00 	 0.0000 	 0.41 
j308_7 	 5 	 2 	 59.00 	 59.00 	 0.0000 	 0.77 
j308_7 	 7 	 2 	 62.00 	 62.00 	 0.0000 	 1.24 
j308_8 	 3 	 2 	 66.00 	 66.00 	 0.0000 	 0.42 
j308_8 	 5 	 2 	 73.00 	 73.00 	 0.0000 	 0.87 
j308_8 	 7 	 2 	 78.00 	 78.00 	 0.0000 	 1.14 
j308_9 	 3 	 2 	 51.00 	 51.00 	 0.0000 	 0.47 
j308_9 	 5 	 2 	 57.00 	 57.00 	 0.0000 	 0.89 
j308_9 	 7 	 2 	 60.00 	 60.00 	 0.0000 	 1.15 
j308_10 	 3 	 2 	 81.00 	 81.00 	 0.0000 	 0.47 
j308_10 	 5 	 2 	 89.00 	 89.00 	 0.0000 	 0.88 
j308_10 	 7 	 2 	 96.00 	 96.00 	 0.0000 	 1.19 
j309_1 	 3 	 9 	 69.00 	 104.00 	 0.3365 	 1200.02 
j309_1 	 5 	 9 	 76.00 	 112.00 	 0.3214 	 1200.02 
j309_1 	 7 	 9 	 82.00 	 120.00 	 0.3167 	 1200.02 
j309_2 	 3 	 9 	 59.00 	 118.00 	 0.5000 	 1200.02 
j309_2 	 5 	 9 	 65.00 	 126.00 	 0.4841 	 1200.02 
j309_2 	 7 	 9 	 68.00 	 134.00 	 0.4925 	 1200.02 
j309_3 	 3 	 9 	 70.00 	 93.00 	 0.2473 	 1200.02 
j309_3 	 5 	 9 	 78.00 	 104.00 	 0.2500 	 1200.02 
j309_3 	 7 	 9 	 83.00 	 112.00 	 0.2589 	 1200.02 
j309_4 	 3 	 9 	 67.00 	 100.00 	 0.3300 	 1200.01 
j309_4 	 5 	 9 	 76.00 	 105.00 	 0.2762 	 1200.02 
j309_4 	 7 	 9 	 80.00 	 113.00 	 0.2920 	 1200.03 
j309_5 	 3 	 9 	 68.00 	 87.00 	 0.2184 	 1200.01 
j309_5 	 5 	 9 	 74.00 	 94.00 	 0.2128 	 1200.03 
j309_5 	 7 	 9 	 78.00 	 100.00 	 0.2200 	 1200.02 
j309_6 	 3 	 9 	 61.00 	 87.00 	 0.2989 	 1200.01 
j309_6 	 5 	 9 	 69.00 	 97.00 	 0.2887 	 1200.02 
j309_6 	 7 	 9 	 72.00 	 98.00 	 0.2653 	 1200.03 
j309_7 	 3 	 9 	 55.00 	 84.00 	 0.3452 	 1200.01 
j309_7 	 5 	 9 	 61.00 	 95.00 	 0.3579 	 1200.01 
j309_7 	 7 	 9 	 63.00 	 99.00 	 0.3636 	 1200.02 
j309_8 	 3 	 9 	 73.00 	 111.00 	 0.3423 	 1200.01 
j309_8 	 5 	 9 	 80.00 	 131.00 	 0.3893 	 1200.01 
j309_8 	 7 	 9 	 86.00 	 139.00 	 0.3813 	 1200.03 
j309_9 	 3 	 9 	 51.00 	 88.00 	 0.4205 	 1200.03 
j309_9 	 5 	 9 	 57.00 	 96.00 	 0.4062 	 1200.02 
j309_9 	 7 	 9 	 59.00 	 102.00 	 0.4216 	 1200.02 
j309_10 	 3 	 9 	 77.00 	 114.00 	 0.3246 	 1200.02 
j309_10 	 5 	 9 	 85.00 	 124.00 	 0.3145 	 1200.03 
j309_10 	 7 	 9 	 92.00 	 132.00 	 0.3030 	 1200.02 
j3010_1 	 3 	 2 	 56.00 	 56.00 	 0.0000 	 5.05 
j3010_1 	 5 	 2 	 61.00 	 61.00 	 0.0000 	 6.90 
j3010_1 	 7 	 2 	 64.00 	 64.00 	 0.0000 	 12.40 
j3010_2 	 3 	 9 	 68.00 	 70.00 	 0.0286 	 1200.01 
j3010_2 	 5 	 9 	 75.00 	 78.00 	 0.0385 	 1200.04 
j3010_2 	 7 	 9 	 79.00 	 83.00 	 0.0482 	 1200.03 
j3010_3 	 3 	 9 	 76.00 	 77.00 	 0.0130 	 1200.02 
j3010_3 	 5 	 9 	 85.00 	 86.00 	 0.0116 	 1200.02 
j3010_3 	 7 	 9 	 92.00 	 93.00 	 0.0108 	 1200.02 
j3010_4 	 3 	 9 	 72.00 	 73.00 	 0.0137 	 1200.01 
j3010_4 	 5 	 9 	 80.00 	 81.00 	 0.0123 	 1200.05 
j3010_4 	 7 	 9 	 85.00 	 86.00 	 0.0116 	 1200.03 
j3010_5 	 3 	 2 	 54.00 	 54.00 	 0.0000 	 54.52 
j3010_5 	 5 	 9 	 60.00 	 61.00 	 0.0164 	 1200.02 
j3010_5 	 7 	 9 	 63.00 	 64.00 	 0.0156 	 1200.02 
j3010_6 	 3 	 9 	 53.00 	 58.00 	 0.0862 	 1200.02 
j3010_6 	 5 	 9 	 59.00 	 64.00 	 0.0781 	 1200.02 
j3010_6 	 7 	 9 	 62.00 	 69.00 	 0.1014 	 1200.03 
j3010_7 	 3 	 2 	 63.00 	 63.00 	 0.0000 	 49.99 
j3010_7 	 5 	 2 	 71.00 	 71.00 	 0.0000 	 61.65 
j3010_7 	 7 	 2 	 76.00 	 76.00 	 0.0000 	 118.12 
j3010_8 	 3 	 9 	 63.00 	 68.00 	 0.0735 	 1200.02 
j3010_8 	 5 	 9 	 71.00 	 76.00 	 0.0658 	 1200.02 
j3010_8 	 7 	 9 	 77.00 	 81.00 	 0.0494 	 1200.02 
j3010_9 	 3 	 2 	 64.00 	 64.00 	 0.0000 	 0.80 
j3010_9 	 5 	 2 	 72.00 	 72.00 	 0.0000 	 1.02 
j3010_9 	 7 	 2 	 75.00 	 75.00 	 0.0000 	 1.48 
j3010_10 	 3 	 2 	 54.00 	 54.00 	 0.0000 	 148.43 
j3010_10 	 5 	 2 	 60.00 	 60.00 	 0.0000 	 352.30 
j3010_10 	 7 	 2 	 63.00 	 63.00 	 0.0000 	 415.62 
j3011_1 	 3 	 2 	 68.00 	 68.00 	 0.0000 	 96.65 
j3011_1 	 5 	 2 	 75.00 	 75.00 	 0.0000 	 2.80 
j3011_1 	 7 	 2 	 80.00 	 80.00 	 0.0000 	 12.94 
j3011_2 	 3 	 2 	 71.00 	 71.00 	 0.0000 	 2.73 
j3011_2 	 5 	 2 	 79.00 	 79.00 	 0.0000 	 2.64 
j3011_2 	 7 	 2 	 84.00 	 84.00 	 0.0000 	 4.40 
j3011_3 	 3 	 2 	 96.00 	 96.00 	 0.0000 	 0.62 
j3011_3 	 5 	 2 	 104.00 	 104.00 	 0.0000 	 3.22 
j3011_3 	 7 	 2 	 112.00 	 112.00 	 0.0000 	 1.38 
j3011_4 	 3 	 2 	 78.00 	 78.00 	 0.0000 	 25.24 
j3011_4 	 5 	 2 	 86.00 	 86.00 	 0.0000 	 34.19 
j3011_4 	 7 	 2 	 94.00 	 94.00 	 0.0000 	 430.80 
j3011_5 	 3 	 9 	 62.00 	 63.00 	 0.0159 	 1200.04 
j3011_5 	 5 	 9 	 69.00 	 70.00 	 0.0143 	 1200.02 
j3011_5 	 7 	 9 	 74.00 	 75.00 	 0.0133 	 1200.03 
j3011_6 	 3 	 2 	 56.00 	 56.00 	 0.0000 	 3.93 
j3011_6 	 5 	 2 	 62.00 	 62.00 	 0.0000 	 8.52 
j3011_6 	 7 	 2 	 66.00 	 66.00 	 0.0000 	 4.43 
j3011_7 	 3 	 2 	 49.00 	 49.00 	 0.0000 	 8.38 
j3011_7 	 5 	 2 	 54.00 	 54.00 	 0.0000 	 366.72 
j3011_7 	 7 	 2 	 55.00 	 55.00 	 0.0000 	 51.60 
j3011_8 	 3 	 2 	 77.00 	 77.00 	 0.0000 	 2.96 
j3011_8 	 5 	 2 	 85.00 	 85.00 	 0.0000 	 21.72 
j3011_8 	 7 	 2 	 92.00 	 92.00 	 0.0000 	 17.55 
j3011_9 	 3 	 2 	 82.00 	 82.00 	 0.0000 	 0.60 
j3011_9 	 5 	 2 	 91.00 	 91.00 	 0.0000 	 1.00 
j3011_9 	 7 	 2 	 98.00 	 98.00 	 0.0000 	 1.44 
j3011_10 	 3 	 2 	 50.00 	 50.00 	 0.0000 	 2.59 
j3011_10 	 5 	 2 	 56.00 	 56.00 	 0.0000 	 2.73 
j3011_10 	 7 	 2 	 59.00 	 59.00 	 0.0000 	 5.64 
j3012_1 	 3 	 2 	 61.00 	 61.00 	 0.0000 	 0.54 
j3012_1 	 5 	 2 	 69.00 	 69.00 	 0.0000 	 0.84 
j3012_1 	 7 	 2 	 72.00 	 72.00 	 0.0000 	 1.59 
j3012_2 	 3 	 2 	 60.00 	 60.00 	 0.0000 	 1.00 
j3012_2 	 5 	 2 	 68.00 	 68.00 	 0.0000 	 0.86 
j3012_2 	 7 	 2 	 71.00 	 71.00 	 0.0000 	 1.64 
j3012_3 	 3 	 2 	 49.00 	 49.00 	 0.0000 	 0.61 
j3012_3 	 5 	 2 	 55.00 	 55.00 	 0.0000 	 0.89 
j3012_3 	 7 	 2 	 57.00 	 57.00 	 0.0000 	 1.58 
j3012_4 	 3 	 2 	 78.00 	 78.00 	 0.0000 	 0.47 
j3012_4 	 5 	 2 	 87.00 	 87.00 	 0.0000 	 0.67 
j3012_4 	 7 	 2 	 93.00 	 93.00 	 0.0000 	 1.33 
j3012_5 	 3 	 2 	 62.00 	 62.00 	 0.0000 	 0.62 
j3012_5 	 5 	 2 	 69.00 	 69.00 	 0.0000 	 0.88 
j3012_5 	 7 	 2 	 72.00 	 72.00 	 0.0000 	 1.26 
j3012_6 	 3 	 2 	 68.00 	 68.00 	 0.0000 	 0.56 
j3012_6 	 5 	 2 	 74.00 	 74.00 	 0.0000 	 1.68 
j3012_6 	 7 	 2 	 79.00 	 79.00 	 0.0000 	 1.57 
j3012_7 	 3 	 2 	 70.00 	 70.00 	 0.0000 	 0.55 
j3012_7 	 5 	 2 	 78.00 	 78.00 	 0.0000 	 0.83 
j3012_7 	 7 	 2 	 82.00 	 82.00 	 0.0000 	 1.48 
j3012_8 	 3 	 2 	 49.00 	 49.00 	 0.0000 	 0.52 
j3012_8 	 5 	 2 	 53.00 	 53.00 	 0.0000 	 0.83 
j3012_8 	 7 	 2 	 54.00 	 54.00 	 0.0000 	 1.67 
j3012_9 	 3 	 2 	 67.00 	 67.00 	 0.0000 	 0.54 
j3012_9 	 5 	 2 	 75.00 	 75.00 	 0.0000 	 0.89 
j3012_9 	 7 	 2 	 80.00 	 80.00 	 0.0000 	 1.48 
j3012_10 	 3 	 2 	 71.00 	 71.00 	 0.0000 	 0.52 
j3012_10 	 5 	 2 	 79.00 	 79.00 	 0.0000 	 0.71 
j3012_10 	 7 	 2 	 86.00 	 86.00 	 0.0000 	 1.44 
j3013_1 	 3 	 9 	 49.00 	 82.00 	 0.4024 	 1200.02 
j3013_1 	 5 	 9 	 52.00 	 90.00 	 0.4222 	 1200.01 
j3013_1 	 7 	 9 	 54.00 	 96.00 	 0.4375 	 1200.01 
j3013_2 	 3 	 9 	 45.00 	 91.00 	 0.5055 	 1200.01 
j3013_2 	 5 	 9 	 50.00 	 101.00 	 0.5050 	 1200.01 
j3013_2 	 7 	 9 	 56.00 	 99.00 	 0.4343 	 1200.01 
j3013_3 	 3 	 9 	 58.00 	 102.00 	 0.4314 	 1200.01 
j3013_3 	 5 	 9 	 65.00 	 111.00 	 0.4144 	 1200.01 
j3013_3 	 7 	 9 	 69.00 	 119.00 	 0.4202 	 1200.01 
j3013_4 	 3 	 9 	 63.00 	 94.00 	 0.3298 	 1200.01 
j3013_4 	 5 	 9 	 69.00 	 111.00 	 0.3784 	 1200.01 
j3013_4 	 7 	 9 	 74.00 	 108.00 	 0.3148 	 1200.01 
j3013_5 	 3 	 9 	 57.00 	 95.00 	 0.4000 	 1200.01 
j3013_5 	 5 	 9 	 63.00 	 99.00 	 0.3636 	 1200.01 
j3013_5 	 7 	 9 	 66.00 	 111.00 	 0.4054 	 1200.02 
j3013_6 	 3 	 9 	 57.00 	 85.00 	 0.3294 	 1200.01 
j3013_6 	 5 	 9 	 64.00 	 99.00 	 0.3535 	 1200.01 
j3013_6 	 7 	 9 	 67.00 	 107.00 	 0.3738 	 1200.01 
j3013_7 	 3 	 9 	 63.00 	 103.00 	 0.3883 	 1200.01 
j3013_7 	 5 	 9 	 69.00 	 112.00 	 0.3839 	 1200.01 
j3013_7 	 7 	 9 	 74.00 	 121.00 	 0.3884 	 1200.02 
j3013_8 	 3 	 9 	 64.00 	 137.00 	 0.5328 	 1200.01 
j3013_8 	 5 	 9 	 71.00 	 147.00 	 0.5170 	 1200.01 
j3013_8 	 7 	 9 	 85.00 	 156.00 	 0.4551 	 1200.01 
j3013_9 	 3 	 9 	 65.00 	 96.00 	 0.3229 	 1200.01 
j3013_9 	 5 	 9 	 72.00 	 107.00 	 0.3271 	 1200.02 
j3013_9 	 7 	 9 	 75.00 	 116.00 	 0.3534 	 1200.02 
j3013_10 	 3 	 9 	 66.00 	 89.00 	 0.2584 	 1200.01 
j3013_10 	 5 	 9 	 74.00 	 89.00 	 0.1685 	 1200.01 
j3013_10 	 7 	 9 	 78.00 	 104.00 	 0.2500 	 1200.01 
j3014_1 	 3 	 9 	 61.00 	 63.00 	 0.0317 	 1200.01 
j3014_1 	 5 	 9 	 65.00 	 71.00 	 0.0845 	 1200.01 
j3014_1 	 7 	 9 	 69.00 	 74.00 	 0.0676 	 1200.01 
j3014_2 	 3 	 9 	 61.00 	 71.00 	 0.1408 	 1200.01 
j3014_2 	 5 	 9 	 66.00 	 81.00 	 0.1852 	 1200.02 
j3014_2 	 7 	 9 	 69.00 	 86.00 	 0.1977 	 1200.03 
j3014_3 	 3 	 2 	 73.00 	 73.00 	 0.0000 	 240.66 
j3014_3 	 5 	 9 	 81.00 	 82.00 	 0.0122 	 1200.01 
j3014_3 	 7 	 9 	 88.00 	 89.00 	 0.0112 	 1200.01 
j3014_4 	 3 	 9 	 58.00 	 66.00 	 0.1212 	 1200.01 
j3014_4 	 5 	 9 	 64.00 	 73.00 	 0.1233 	 1200.01 
j3014_4 	 7 	 9 	 67.00 	 74.00 	 0.0946 	 1200.01 
j3014_5 	 3 	 9 	 65.00 	 67.00 	 0.0299 	 1200.02 
j3014_5 	 5 	 9 	 73.00 	 74.00 	 0.0135 	 1200.01 
j3014_5 	 7 	 9 	 77.00 	 78.00 	 0.0128 	 1200.01 
j3014_6 	 3 	 2 	 45.00 	 45.00 	 0.0000 	 979.55 
j3014_6 	 5 	 2 	 50.00 	 50.00 	 0.0000 	 192.01 
j3014_6 	 7 	 9 	 53.00 	 54.00 	 0.0185 	 1200.02 
j3014_7 	 3 	 9 	 60.00 	 65.00 	 0.0769 	 1200.01 
j3014_7 	 5 	 9 	 66.00 	 71.00 	 0.0704 	 1200.01 
j3014_7 	 7 	 9 	 71.00 	 75.00 	 0.0533 	 1200.01 
j3014_8 	 3 	 2 	 69.00 	 69.00 	 0.0000 	 0.57 
j3014_8 	 5 	 2 	 77.00 	 77.00 	 0.0000 	 0.87 
j3014_8 	 7 	 2 	 82.00 	 82.00 	 0.0000 	 1.17 
j3014_9 	 3 	 9 	 58.00 	 62.00 	 0.0645 	 1200.01 
j3014_9 	 5 	 9 	 64.00 	 69.00 	 0.0725 	 1200.02 
j3014_9 	 7 	 9 	 67.00 	 72.00 	 0.0694 	 1200.01 
j3014_10 	 3 	 9 	 74.00 	 75.00 	 0.0133 	 1200.01 
j3014_10 	 5 	 2 	 82.00 	 82.00 	 0.0000 	 287.21 
j3014_10 	 7 	 2 	 90.00 	 90.00 	 0.0000 	 739.00 
j3015_1 	 3 	 2 	 61.00 	 61.00 	 0.0000 	 0.60 
j3015_1 	 5 	 2 	 66.00 	 66.00 	 0.0000 	 0.99 
j3015_1 	 7 	 2 	 69.00 	 69.00 	 0.0000 	 1.10 
j3015_2 	 3 	 2 	 61.00 	 61.00 	 0.0000 	 0.50 
j3015_2 	 5 	 2 	 67.00 	 67.00 	 0.0000 	 0.93 
j3015_2 	 7 	 2 	 70.00 	 70.00 	 0.0000 	 1.21 
j3015_3 	 3 	 2 	 63.00 	 63.00 	 0.0000 	 0.64 
j3015_3 	 5 	 2 	 69.00 	 69.00 	 0.0000 	 0.87 
j3015_3 	 7 	 2 	 71.00 	 71.00 	 0.0000 	 5.55 
j3015_4 	 3 	 2 	 62.00 	 62.00 	 0.0000 	 0.52 
j3015_4 	 5 	 2 	 70.00 	 70.00 	 0.0000 	 0.71 
j3015_4 	 7 	 2 	 74.00 	 74.00 	 0.0000 	 1.04 
j3015_5 	 3 	 9 	 71.00 	 75.00 	 0.0533 	 1200.01 
j3015_5 	 5 	 9 	 79.00 	 81.00 	 0.0247 	 1200.01 
j3015_5 	 7 	 9 	 84.00 	 89.00 	 0.0562 	 1200.01 
j3015_6 	 3 	 2 	 82.00 	 82.00 	 0.0000 	 0.67 
j3015_6 	 5 	 2 	 90.00 	 90.00 	 0.0000 	 0.95 
j3015_6 	 7 	 2 	 98.00 	 98.00 	 0.0000 	 0.98 
j3015_7 	 3 	 2 	 60.00 	 60.00 	 0.0000 	 1.66 
j3015_7 	 5 	 2 	 66.00 	 66.00 	 0.0000 	 1.93 
j3015_7 	 7 	 2 	 71.00 	 71.00 	 0.0000 	 0.95 
j3015_8 	 3 	 2 	 65.00 	 65.00 	 0.0000 	 7.55 
j3015_8 	 5 	 2 	 72.00 	 72.00 	 0.0000 	 5.21 
j3015_8 	 7 	 2 	 76.00 	 76.00 	 0.0000 	 7.99 
j3015_9 	 3 	 2 	 67.00 	 67.00 	 0.0000 	 0.58 
j3015_9 	 5 	 2 	 73.00 	 73.00 	 0.0000 	 3.69 
j3015_9 	 7 	 2 	 79.00 	 79.00 	 0.0000 	 4.50 
j3015_10 	 3 	 2 	 80.00 	 80.00 	 0.0000 	 0.49 
j3015_10 	 5 	 2 	 88.00 	 88.00 	 0.0000 	 0.78 
j3015_10 	 7 	 2 	 94.00 	 94.00 	 0.0000 	 1.71 
j3016_1 	 3 	 2 	 64.00 	 64.00 	 0.0000 	 0.41 
j3016_1 	 5 	 2 	 72.00 	 72.00 	 0.0000 	 0.80 
j3016_1 	 7 	 2 	 77.00 	 77.00 	 0.0000 	 0.96 
j3016_2 	 3 	 2 	 62.00 	 62.00 	 0.0000 	 0.75 
j3016_2 	 5 	 2 	 69.00 	 69.00 	 0.0000 	 1.15 
j3016_2 	 7 	 2 	 73.00 	 73.00 	 0.0000 	 0.97 
j3016_3 	 3 	 2 	 49.00 	 49.00 	 0.0000 	 0.37 
j3016_3 	 5 	 2 	 53.00 	 53.00 	 0.0000 	 0.52 
j3016_3 	 7 	 2 	 56.00 	 56.00 	 0.0000 	 0.85 
j3016_4 	 3 	 2 	 62.00 	 62.00 	 0.0000 	 0.47 
j3016_4 	 5 	 2 	 68.00 	 68.00 	 0.0000 	 0.73 
j3016_4 	 7 	 2 	 71.00 	 71.00 	 0.0000 	 0.86 
j3016_5 	 3 	 2 	 66.00 	 66.00 	 0.0000 	 0.47 
j3016_5 	 5 	 2 	 74.00 	 74.00 	 0.0000 	 0.57 
j3016_5 	 7 	 2 	 78.00 	 78.00 	 0.0000 	 0.99 
j3016_6 	 3 	 2 	 64.00 	 64.00 	 0.0000 	 0.53 
j3016_6 	 5 	 2 	 72.00 	 72.00 	 0.0000 	 0.73 
j3016_6 	 7 	 2 	 79.00 	 79.00 	 0.0000 	 0.95 
j3016_7 	 3 	 2 	 47.00 	 47.00 	 0.0000 	 0.47 
j3016_7 	 5 	 2 	 51.00 	 51.00 	 0.0000 	 0.66 
j3016_7 	 7 	 2 	 53.00 	 53.00 	 0.0000 	 0.86 
j3016_8 	 3 	 2 	 58.00 	 58.00 	 0.0000 	 0.88 
j3016_8 	 5 	 2 	 64.00 	 64.00 	 0.0000 	 0.62 
j3016_8 	 7 	 2 	 67.00 	 67.00 	 0.0000 	 0.87 
j3016_9 	 3 	 2 	 59.00 	 59.00 	 0.0000 	 0.45 
j3016_9 	 5 	 2 	 65.00 	 65.00 	 0.0000 	 0.74 
j3016_9 	 7 	 2 	 68.00 	 68.00 	 0.0000 	 0.71 
j3016_10 	 3 	 2 	 65.00 	 65.00 	 0.0000 	 0.54 
j3016_10 	 5 	 2 	 72.00 	 72.00 	 0.0000 	 0.73 
j3016_10 	 7 	 2 	 77.00 	 77.00 	 0.0000 	 0.86 
j3017_1 	 3 	 2 	 78.00 	 78.00 	 0.0000 	 4.67 
j3017_1 	 5 	 2 	 86.00 	 86.00 	 0.0000 	 17.42 
j3017_1 	 7 	 2 	 92.00 	 92.00 	 0.0000 	 4.54 
j3017_2 	 3 	 2 	 83.00 	 83.00 	 0.0000 	 0.25 
j3017_2 	 5 	 2 	 91.00 	 91.00 	 0.0000 	 0.49 
j3017_2 	 7 	 2 	 99.00 	 99.00 	 0.0000 	 0.69 
j3017_3 	 3 	 2 	 75.00 	 75.00 	 0.0000 	 0.28 
j3017_3 	 5 	 2 	 83.00 	 83.00 	 0.0000 	 0.36 
j3017_3 	 7 	 2 	 90.00 	 90.00 	 0.0000 	 0.61 
j3017_4 	 3 	 2 	 63.00 	 63.00 	 0.0000 	 1.33 
j3017_4 	 5 	 2 	 71.00 	 71.00 	 0.0000 	 3.30 
j3017_4 	 7 	 2 	 74.00 	 74.00 	 0.0000 	 3.42 
j3017_5 	 3 	 2 	 60.00 	 60.00 	 0.0000 	 1.71 
j3017_5 	 5 	 2 	 66.00 	 66.00 	 0.0000 	 7.33 
j3017_5 	 7 	 2 	 70.00 	 70.00 	 0.0000 	 9.97 
j3017_6 	 3 	 2 	 77.00 	 77.00 	 0.0000 	 0.41 
j3017_6 	 5 	 2 	 86.00 	 86.00 	 0.0000 	 0.70 
j3017_6 	 7 	 2 	 91.00 	 91.00 	 0.0000 	 0.65 
j3017_7 	 3 	 2 	 72.00 	 72.00 	 0.0000 	 0.83 
j3017_7 	 5 	 2 	 79.00 	 79.00 	 0.0000 	 1.70 
j3017_7 	 7 	 2 	 85.00 	 85.00 	 0.0000 	 4.42 
j3017_8 	 3 	 2 	 76.00 	 76.00 	 0.0000 	 1.18 
j3017_8 	 5 	 2 	 85.00 	 85.00 	 0.0000 	 2.76 
j3017_8 	 7 	 2 	 92.00 	 92.00 	 0.0000 	 2.85 
j3017_9 	 3 	 2 	 61.00 	 61.00 	 0.0000 	 1.30 
j3017_9 	 5 	 2 	 67.00 	 67.00 	 0.0000 	 3.45 
j3017_9 	 7 	 2 	 71.00 	 71.00 	 0.0000 	 2.79 
j3017_10 	 3 	 2 	 81.00 	 81.00 	 0.0000 	 0.23 
j3017_10 	 5 	 2 	 91.00 	 91.00 	 0.0000 	 0.62 
j3017_10 	 7 	 2 	 98.00 	 98.00 	 0.0000 	 0.85 
j3018_1 	 3 	 2 	 68.00 	 68.00 	 0.0000 	 0.36 
j3018_1 	 5 	 2 	 76.00 	 76.00 	 0.0000 	 0.60 
j3018_1 	 7 	 2 	 81.00 	 81.00 	 0.0000 	 0.92 
j3018_2 	 3 	 2 	 69.00 	 69.00 	 0.0000 	 0.33 
j3018_2 	 5 	 2 	 75.00 	 75.00 	 0.0000 	 0.55 
j3018_2 	 7 	 2 	 80.00 	 80.00 	 0.0000 	 0.75 
j3018_3 	 3 	 2 	 69.00 	 69.00 	 0.0000 	 0.44 
j3018_3 	 5 	 2 	 76.00 	 76.00 	 0.0000 	 0.79 
j3018_3 	 7 	 2 	 82.00 	 82.00 	 0.0000 	 1.50 
j3018_4 	 3 	 2 	 85.00 	 85.00 	 0.0000 	 0.25 
j3018_4 	 5 	 2 	 94.00 	 94.00 	 0.0000 	 0.70 
j3018_4 	 7 	 2 	 102.00 	 102.00 	 0.0000 	 0.61 
j3018_5 	 3 	 2 	 66.00 	 66.00 	 0.0000 	 0.38 
j3018_5 	 5 	 2 	 73.00 	 73.00 	 0.0000 	 0.68 
j3018_5 	 7 	 2 	 78.00 	 78.00 	 0.0000 	 1.04 
j3018_6 	 3 	 2 	 77.00 	 77.00 	 0.0000 	 0.72 
j3018_6 	 5 	 2 	 85.00 	 85.00 	 0.0000 	 2.23 
j3018_6 	 7 	 2 	 91.00 	 91.00 	 0.0000 	 2.60 
j3018_7 	 3 	 2 	 61.00 	 61.00 	 0.0000 	 0.53 
j3018_7 	 5 	 2 	 68.00 	 68.00 	 0.0000 	 0.49 
j3018_7 	 7 	 2 	 74.00 	 74.00 	 0.0000 	 1.30 
j3018_8 	 3 	 2 	 67.00 	 67.00 	 0.0000 	 0.27 
j3018_8 	 5 	 2 	 75.00 	 75.00 	 0.0000 	 0.50 
j3018_8 	 7 	 2 	 79.00 	 79.00 	 0.0000 	 0.75 
j3018_9 	 3 	 2 	 62.00 	 62.00 	 0.0000 	 0.40 
j3018_9 	 5 	 2 	 70.00 	 70.00 	 0.0000 	 0.63 
j3018_9 	 7 	 2 	 73.00 	 73.00 	 0.0000 	 1.36 
j3018_10 	 3 	 2 	 61.00 	 61.00 	 0.0000 	 0.93 
j3018_10 	 5 	 2 	 67.00 	 67.00 	 0.0000 	 2.16 
j3018_10 	 7 	 2 	 71.00 	 71.00 	 0.0000 	 6.55 
j3019_1 	 3 	 2 	 52.00 	 52.00 	 0.0000 	 0.42 
j3019_1 	 5 	 2 	 57.00 	 57.00 	 0.0000 	 0.70 
j3019_1 	 7 	 2 	 61.00 	 61.00 	 0.0000 	 1.09 
j3019_2 	 3 	 2 	 73.00 	 73.00 	 0.0000 	 0.24 
j3019_2 	 5 	 2 	 80.00 	 80.00 	 0.0000 	 0.45 
j3019_2 	 7 	 2 	 86.00 	 86.00 	 0.0000 	 0.67 
j3019_3 	 3 	 2 	 98.00 	 98.00 	 0.0000 	 0.22 
j3019_3 	 5 	 2 	 107.00 	 107.00 	 0.0000 	 0.47 
j3019_3 	 7 	 2 	 115.00 	 115.00 	 0.0000 	 0.68 
j3019_4 	 3 	 2 	 54.00 	 54.00 	 0.0000 	 0.31 
j3019_4 	 5 	 2 	 59.00 	 59.00 	 0.0000 	 0.50 
j3019_4 	 7 	 2 	 60.00 	 60.00 	 0.0000 	 0.65 
j3019_5 	 3 	 2 	 62.00 	 62.00 	 0.0000 	 0.40 
j3019_5 	 5 	 2 	 68.00 	 68.00 	 0.0000 	 0.51 
j3019_5 	 7 	 2 	 73.00 	 73.00 	 0.0000 	 0.91 
j3019_6 	 3 	 2 	 64.00 	 64.00 	 0.0000 	 0.36 
j3019_6 	 5 	 2 	 71.00 	 71.00 	 0.0000 	 0.58 
j3019_6 	 7 	 2 	 75.00 	 75.00 	 0.0000 	 0.81 
j3019_7 	 3 	 2 	 72.00 	 72.00 	 0.0000 	 0.39 
j3019_7 	 5 	 2 	 81.00 	 81.00 	 0.0000 	 0.55 
j3019_7 	 7 	 2 	 86.00 	 86.00 	 0.0000 	 0.74 
j3019_8 	 3 	 2 	 70.00 	 70.00 	 0.0000 	 0.30 
j3019_8 	 5 	 2 	 78.00 	 78.00 	 0.0000 	 0.48 
j3019_8 	 7 	 2 	 84.00 	 84.00 	 0.0000 	 0.61 
j3019_9 	 3 	 2 	 51.00 	 51.00 	 0.0000 	 0.27 
j3019_9 	 5 	 2 	 57.00 	 57.00 	 0.0000 	 0.55 
j3019_9 	 7 	 2 	 59.00 	 59.00 	 0.0000 	 0.76 
j3019_10 	 3 	 2 	 61.00 	 61.00 	 0.0000 	 0.33 
j3019_10 	 5 	 2 	 67.00 	 67.00 	 0.0000 	 0.54 
j3019_10 	 7 	 2 	 71.00 	 71.00 	 0.0000 	 0.78 
j3020_1 	 3 	 2 	 72.00 	 72.00 	 0.0000 	 0.26 
j3020_1 	 5 	 2 	 79.00 	 79.00 	 0.0000 	 0.35 
j3020_1 	 7 	 2 	 85.00 	 85.00 	 0.0000 	 0.73 
j3020_2 	 3 	 2 	 85.00 	 85.00 	 0.0000 	 0.20 
j3020_2 	 5 	 2 	 94.00 	 94.00 	 0.0000 	 0.39 
j3020_2 	 7 	 2 	 102.00 	 102.00 	 0.0000 	 0.66 
j3020_3 	 3 	 2 	 64.00 	 64.00 	 0.0000 	 0.21 
j3020_3 	 5 	 2 	 73.00 	 73.00 	 0.0000 	 0.35 
j3020_3 	 7 	 2 	 75.00 	 75.00 	 0.0000 	 0.60 
j3020_4 	 3 	 2 	 58.00 	 58.00 	 0.0000 	 0.20 
j3020_4 	 5 	 2 	 67.00 	 67.00 	 0.0000 	 0.41 
j3020_4 	 7 	 2 	 67.00 	 67.00 	 0.0000 	 0.60 
j3020_5 	 3 	 2 	 75.00 	 75.00 	 0.0000 	 0.26 
j3020_5 	 5 	 2 	 83.00 	 83.00 	 0.0000 	 0.42 
j3020_5 	 7 	 2 	 89.00 	 89.00 	 0.0000 	 0.76 
j3020_6 	 3 	 2 	 66.00 	 66.00 	 0.0000 	 0.18 
j3020_6 	 5 	 2 	 73.00 	 73.00 	 0.0000 	 0.39 
j3020_6 	 7 	 2 	 77.00 	 77.00 	 0.0000 	 0.51 
j3020_7 	 3 	 2 	 56.00 	 56.00 	 0.0000 	 0.21 
j3020_7 	 5 	 2 	 62.00 	 62.00 	 0.0000 	 0.37 
j3020_7 	 7 	 2 	 64.00 	 64.00 	 0.0000 	 0.54 
j3020_8 	 3 	 2 	 65.00 	 65.00 	 0.0000 	 0.20 
j3020_8 	 5 	 2 	 71.00 	 71.00 	 0.0000 	 0.34 
j3020_8 	 7 	 2 	 75.00 	 75.00 	 0.0000 	 0.53 
j3020_9 	 3 	 2 	 56.00 	 56.00 	 0.0000 	 0.20 
j3020_9 	 5 	 2 	 62.00 	 62.00 	 0.0000 	 0.36 
j3020_9 	 7 	 2 	 64.00 	 64.00 	 0.0000 	 0.62 
j3020_10 	 3 	 2 	 51.00 	 51.00 	 0.0000 	 0.22 
j3020_10 	 5 	 2 	 55.00 	 55.00 	 0.0000 	 0.35 
j3020_10 	 7 	 2 	 57.00 	 57.00 	 0.0000 	 0.55 
j3021_1 	 3 	 2 	 99.00 	 99.00 	 0.0000 	 235.62 
j3021_1 	 5 	 2 	 108.00 	 108.00 	 0.0000 	 214.26 
j3021_1 	 7 	 2 	 116.00 	 116.00 	 0.0000 	 961.95 
j3021_2 	 3 	 2 	 72.00 	 72.00 	 0.0000 	 364.22 
j3021_2 	 5 	 9 	 78.00 	 80.00 	 0.0250 	 1200.02 
j3021_2 	 7 	 2 	 85.00 	 85.00 	 0.0000 	 775.64 
j3021_3 	 3 	 9 	 82.00 	 91.00 	 0.0989 	 1200.01 
j3021_3 	 5 	 9 	 86.00 	 100.00 	 0.1400 	 1200.01 
j3021_3 	 7 	 9 	 93.00 	 106.00 	 0.1226 	 1200.01 
j3021_4 	 3 	 2 	 83.00 	 83.00 	 0.0000 	 1057.28 
j3021_4 	 5 	 9 	 83.00 	 92.00 	 0.0978 	 1200.01 
j3021_4 	 7 	 9 	 84.00 	 102.00 	 0.1765 	 1200.01 
j3021_5 	 3 	 9 	 63.00 	 68.00 	 0.0735 	 1200.02 
j3021_5 	 5 	 9 	 69.00 	 75.00 	 0.0800 	 1200.07 
j3021_5 	 7 	 9 	 71.00 	 82.00 	 0.1341 	 1200.01 
j3021_6 	 3 	 9 	 88.00 	 91.00 	 0.0330 	 1200.01 
j3021_6 	 5 	 9 	 88.00 	 99.00 	 0.1111 	 1200.01 
j3021_6 	 7 	 9 	 95.00 	 107.00 	 0.1121 	 1200.01 
j3021_7 	 3 	 9 	 74.00 	 80.00 	 0.0750 	 1200.01 
j3021_7 	 5 	 9 	 85.00 	 87.00 	 0.0230 	 1200.03 
j3021_7 	 7 	 9 	 84.00 	 93.00 	 0.0968 	 1200.01 
j3021_8 	 3 	 2 	 77.00 	 77.00 	 0.0000 	 854.65 
j3021_8 	 5 	 9 	 81.00 	 84.00 	 0.0357 	 1200.01 
j3021_8 	 7 	 2 	 90.00 	 90.00 	 0.0000 	 969.49 
j3021_9 	 3 	 9 	 70.00 	 84.00 	 0.1667 	 1200.01 
j3021_9 	 5 	 9 	 75.00 	 92.00 	 0.1848 	 1200.01 
j3021_9 	 7 	 9 	 79.00 	 100.00 	 0.2100 	 1200.01 
j3021_10 	 3 	 2 	 83.00 	 83.00 	 0.0000 	 82.67 
j3021_10 	 5 	 2 	 92.00 	 92.00 	 0.0000 	 110.82 
j3021_10 	 7 	 2 	 99.00 	 99.00 	 0.0000 	 134.63 
j3022_1 	 3 	 2 	 56.00 	 56.00 	 0.0000 	 1.10 
j3022_1 	 5 	 2 	 61.00 	 61.00 	 0.0000 	 1.16 
j3022_1 	 7 	 2 	 64.00 	 64.00 	 0.0000 	 1.69 
j3022_2 	 3 	 2 	 57.00 	 57.00 	 0.0000 	 0.78 
j3022_2 	 5 	 2 	 64.00 	 64.00 	 0.0000 	 1.87 
j3022_2 	 7 	 2 	 68.00 	 68.00 	 0.0000 	 4.21 
j3022_3 	 3 	 2 	 78.00 	 78.00 	 0.0000 	 0.31 
j3022_3 	 5 	 2 	 87.00 	 87.00 	 0.0000 	 0.46 
j3022_3 	 7 	 2 	 93.00 	 93.00 	 0.0000 	 0.74 
j3022_4 	 3 	 2 	 56.00 	 56.00 	 0.0000 	 0.81 
j3022_4 	 5 	 2 	 62.00 	 62.00 	 0.0000 	 1.62 
j3022_4 	 7 	 2 	 63.00 	 63.00 	 0.0000 	 1.73 
j3022_5 	 3 	 2 	 65.00 	 65.00 	 0.0000 	 5.56 
j3022_5 	 5 	 2 	 72.00 	 72.00 	 0.0000 	 12.16 
j3022_5 	 7 	 2 	 77.00 	 77.00 	 0.0000 	 46.68 
j3022_6 	 3 	 2 	 67.00 	 67.00 	 0.0000 	 21.12 
j3022_6 	 5 	 2 	 74.00 	 74.00 	 0.0000 	 27.75 
j3022_6 	 7 	 2 	 78.00 	 78.00 	 0.0000 	 26.30 
j3022_7 	 3 	 2 	 74.00 	 74.00 	 0.0000 	 17.02 
j3022_7 	 5 	 2 	 82.00 	 82.00 	 0.0000 	 18.03 
j3022_7 	 7 	 2 	 88.00 	 88.00 	 0.0000 	 35.24 
j3022_8 	 3 	 2 	 69.00 	 69.00 	 0.0000 	 242.54 
j3022_8 	 5 	 2 	 76.00 	 76.00 	 0.0000 	 721.78 
j3022_8 	 7 	 2 	 80.00 	 80.00 	 0.0000 	 208.63 
j3022_9 	 3 	 2 	 91.00 	 91.00 	 0.0000 	 0.65 
j3022_9 	 5 	 2 	 101.00 	 101.00 	 0.0000 	 2.17 
j3022_9 	 7 	 2 	 109.00 	 109.00 	 0.0000 	 4.01 
j3022_10 	 3 	 2 	 70.00 	 70.00 	 0.0000 	 10.34 
j3022_10 	 5 	 2 	 78.00 	 78.00 	 0.0000 	 10.16 
j3022_10 	 7 	 2 	 83.00 	 83.00 	 0.0000 	 7.77 
j3023_1 	 3 	 2 	 78.00 	 78.00 	 0.0000 	 0.30 
j3023_1 	 5 	 2 	 87.00 	 87.00 	 0.0000 	 0.50 
j3023_1 	 7 	 2 	 95.00 	 95.00 	 0.0000 	 0.60 
j3023_2 	 3 	 2 	 67.00 	 67.00 	 0.0000 	 0.28 
j3023_2 	 5 	 2 	 75.00 	 75.00 	 0.0000 	 0.44 
j3023_2 	 7 	 2 	 80.00 	 80.00 	 0.0000 	 0.73 
j3023_3 	 3 	 2 	 59.00 	 59.00 	 0.0000 	 0.42 
j3023_3 	 5 	 2 	 65.00 	 65.00 	 0.0000 	 2.39 
j3023_3 	 7 	 2 	 70.00 	 70.00 	 0.0000 	 1.98 
j3023_4 	 3 	 2 	 80.00 	 80.00 	 0.0000 	 0.62 
j3023_4 	 5 	 2 	 89.00 	 89.00 	 0.0000 	 0.90 
j3023_4 	 7 	 2 	 95.00 	 95.00 	 0.0000 	 2.71 
j3023_5 	 3 	 2 	 66.00 	 66.00 	 0.0000 	 1.40 
j3023_5 	 5 	 2 	 73.00 	 73.00 	 0.0000 	 1.69 
j3023_5 	 7 	 2 	 77.00 	 77.00 	 0.0000 	 2.29 
j3023_6 	 3 	 2 	 61.00 	 61.00 	 0.0000 	 0.29 
j3023_6 	 5 	 2 	 67.00 	 67.00 	 0.0000 	 0.50 
j3023_6 	 7 	 2 	 72.00 	 72.00 	 0.0000 	 0.82 
j3023_7 	 3 	 2 	 75.00 	 75.00 	 0.0000 	 0.56 
j3023_7 	 5 	 2 	 85.00 	 85.00 	 0.0000 	 1.15 
j3023_7 	 7 	 2 	 90.00 	 90.00 	 0.0000 	 1.50 
j3023_8 	 3 	 2 	 62.00 	 62.00 	 0.0000 	 0.37 
j3023_8 	 5 	 2 	 71.00 	 71.00 	 0.0000 	 2.95 
j3023_8 	 7 	 2 	 73.00 	 73.00 	 0.0000 	 1.92 
j3023_9 	 3 	 2 	 78.00 	 78.00 	 0.0000 	 1.04 
j3023_9 	 5 	 2 	 86.00 	 86.00 	 0.0000 	 2.97 
j3023_9 	 7 	 2 	 92.00 	 92.00 	 0.0000 	 3.05 
j3023_10 	 3 	 2 	 76.00 	 76.00 	 0.0000 	 0.26 
j3023_10 	 5 	 2 	 86.00 	 86.00 	 0.0000 	 0.50 
j3023_10 	 7 	 2 	 92.00 	 92.00 	 0.0000 	 0.68 
j3024_1 	 3 	 2 	 68.00 	 68.00 	 0.0000 	 0.23 
j3024_1 	 5 	 2 	 75.00 	 75.00 	 0.0000 	 0.44 
j3024_1 	 7 	 2 	 79.00 	 79.00 	 0.0000 	 0.68 
j3024_2 	 3 	 2 	 72.00 	 72.00 	 0.0000 	 0.30 
j3024_2 	 5 	 2 	 79.00 	 79.00 	 0.0000 	 0.41 
j3024_2 	 7 	 2 	 84.00 	 84.00 	 0.0000 	 0.84 
j3024_3 	 3 	 2 	 84.00 	 84.00 	 0.0000 	 0.27 
j3024_3 	 5 	 2 	 94.00 	 94.00 	 0.0000 	 0.54 
j3024_3 	 7 	 2 	 102.00 	 102.00 	 0.0000 	 0.72 
j3024_4 	 3 	 2 	 67.00 	 67.00 	 0.0000 	 0.22 
j3024_4 	 5 	 2 	 74.00 	 74.00 	 0.0000 	 0.51 
j3024_4 	 7 	 2 	 80.00 	 80.00 	 0.0000 	 0.65 
j3024_5 	 3 	 2 	 64.00 	 64.00 	 0.0000 	 0.37 
j3024_5 	 5 	 2 	 72.00 	 72.00 	 0.0000 	 0.68 
j3024_5 	 7 	 2 	 77.00 	 77.00 	 0.0000 	 0.70 
j3024_6 	 3 	 2 	 71.00 	 71.00 	 0.0000 	 0.26 
j3024_6 	 5 	 2 	 80.00 	 80.00 	 0.0000 	 0.56 
j3024_6 	 7 	 2 	 85.00 	 85.00 	 0.0000 	 0.70 
j3024_7 	 3 	 2 	 57.00 	 57.00 	 0.0000 	 0.58 
j3024_7 	 5 	 2 	 61.00 	 61.00 	 0.0000 	 0.88 
j3024_7 	 7 	 2 	 65.00 	 65.00 	 0.0000 	 1.08 
j3024_8 	 3 	 2 	 53.00 	 53.00 	 0.0000 	 0.22 
j3024_8 	 5 	 2 	 59.00 	 59.00 	 0.0000 	 0.54 
j3024_8 	 7 	 2 	 59.00 	 59.00 	 0.0000 	 0.68 
j3024_9 	 3 	 2 	 56.00 	 56.00 	 0.0000 	 0.22 
j3024_9 	 5 	 2 	 62.00 	 62.00 	 0.0000 	 0.40 
j3024_9 	 7 	 2 	 65.00 	 65.00 	 0.0000 	 0.57 
j3024_10 	 3 	 2 	 67.00 	 67.00 	 0.0000 	 0.20 
j3024_10 	 5 	 2 	 74.00 	 74.00 	 0.0000 	 0.83 
j3024_10 	 7 	 2 	 80.00 	 80.00 	 0.0000 	 0.64 
j3025_1 	 3 	 9 	 80.00 	 119.00 	 0.3277 	 1200.02 
j3025_1 	 5 	 9 	 87.00 	 129.00 	 0.3256 	 1200.02 
j3025_1 	 7 	 9 	 93.00 	 138.00 	 0.3261 	 1200.02 
j3025_2 	 3 	 9 	 64.00 	 102.00 	 0.3725 	 1200.01 
j3025_2 	 5 	 9 	 70.00 	 109.00 	 0.3578 	 1200.01 
j3025_2 	 7 	 9 	 74.00 	 115.00 	 0.3565 	 1200.02 
j3025_3 	 3 	 9 	 63.00 	 106.00 	 0.4057 	 1200.02 
j3025_3 	 5 	 9 	 70.00 	 114.00 	 0.3860 	 1200.01 
j3025_3 	 7 	 9 	 72.00 	 124.00 	 0.4194 	 1200.03 
j3025_4 	 3 	 9 	 62.00 	 114.00 	 0.4561 	 1200.01 
j3025_4 	 5 	 9 	 70.00 	 122.00 	 0.4262 	 1200.03 
j3025_4 	 7 	 9 	 74.00 	 130.00 	 0.4308 	 1200.02 
j3025_5 	 3 	 9 	 60.00 	 89.00 	 0.3258 	 1200.01 
j3025_5 	 5 	 9 	 69.00 	 101.00 	 0.3168 	 1200.02 
j3025_5 	 7 	 9 	 73.00 	 111.00 	 0.3423 	 1200.02 
j3025_6 	 3 	 9 	 56.00 	 79.00 	 0.2911 	 1200.01 
j3025_6 	 5 	 9 	 62.00 	 81.00 	 0.2346 	 1200.02 
j3025_6 	 7 	 9 	 63.00 	 92.00 	 0.3152 	 1200.02 
j3025_7 	 3 	 9 	 90.00 	 115.00 	 0.2174 	 1200.01 
j3025_7 	 5 	 9 	 98.00 	 133.00 	 0.2632 	 1200.02 
j3025_7 	 7 	 9 	 105.00 	 147.00 	 0.2857 	 1200.02 
j3025_8 	 3 	 9 	 53.00 	 102.00 	 0.4804 	 1200.01 
j3025_8 	 5 	 9 	 59.00 	 112.00 	 0.4732 	 1200.02 
j3025_8 	 7 	 9 	 60.00 	 121.00 	 0.5041 	 1200.02 
j3025_9 	 3 	 9 	 74.00 	 110.00 	 0.3273 	 1200.01 
j3025_9 	 5 	 9 	 85.00 	 108.00 	 0.2130 	 1200.02 
j3025_9 	 7 	 9 	 89.00 	 118.00 	 0.2458 	 1200.02 
j3025_10 	 3 	 9 	 63.00 	 78.00 	 0.1923 	 1200.02 
j3025_10 	 5 	 9 	 68.00 	 85.00 	 0.2000 	 1200.01 
j3025_10 	 7 	 9 	 72.00 	 89.00 	 0.1910 	 1200.02 
j3026_1 	 3 	 2 	 73.00 	 73.00 	 0.0000 	 18.59 
j3026_1 	 5 	 2 	 81.00 	 81.00 	 0.0000 	 138.09 
j3026_1 	 7 	 2 	 87.00 	 87.00 	 0.0000 	 79.33 
j3026_2 	 3 	 2 	 53.00 	 53.00 	 0.0000 	 1.63 
j3026_2 	 5 	 2 	 60.00 	 60.00 	 0.0000 	 0.97 
j3026_2 	 7 	 2 	 62.00 	 62.00 	 0.0000 	 1.56 
j3026_3 	 3 	 2 	 73.00 	 73.00 	 0.0000 	 0.61 
j3026_3 	 5 	 2 	 81.00 	 81.00 	 0.0000 	 0.94 
j3026_3 	 7 	 2 	 86.00 	 86.00 	 0.0000 	 1.37 
j3026_4 	 3 	 2 	 77.00 	 77.00 	 0.0000 	 2.64 
j3026_4 	 5 	 2 	 86.00 	 86.00 	 0.0000 	 7.45 
j3026_4 	 7 	 2 	 93.00 	 93.00 	 0.0000 	 10.90 
j3026_5 	 3 	 2 	 89.00 	 89.00 	 0.0000 	 37.15 
j3026_5 	 5 	 2 	 98.00 	 98.00 	 0.0000 	 48.85 
j3026_5 	 7 	 2 	 105.00 	 105.00 	 0.0000 	 31.76 
j3026_6 	 3 	 2 	 67.00 	 67.00 	 0.0000 	 118.34 
j3026_6 	 5 	 2 	 74.00 	 74.00 	 0.0000 	 77.74 
j3026_6 	 7 	 2 	 80.00 	 80.00 	 0.0000 	 553.60 
j3026_7 	 3 	 2 	 70.00 	 70.00 	 0.0000 	 7.47 
j3026_7 	 5 	 2 	 78.00 	 78.00 	 0.0000 	 3.18 
j3026_7 	 7 	 2 	 84.00 	 84.00 	 0.0000 	 16.56 
j3026_8 	 3 	 9 	 78.00 	 81.00 	 0.0370 	 1200.01 
j3026_8 	 5 	 9 	 88.00 	 91.00 	 0.0330 	 1200.03 
j3026_8 	 7 	 9 	 94.00 	 97.00 	 0.0309 	 1200.02 
j3026_9 	 3 	 9 	 55.00 	 56.00 	 0.0179 	 1200.02 
j3026_9 	 5 	 2 	 61.00 	 61.00 	 0.0000 	 550.21 
j3026_9 	 7 	 9 	 64.00 	 65.00 	 0.0154 	 1200.03 
j3026_10 	 3 	 2 	 64.00 	 64.00 	 0.0000 	 68.11 
j3026_10 	 5 	 2 	 71.00 	 71.00 	 0.0000 	 188.40 
j3026_10 	 7 	 2 	 75.00 	 75.00 	 0.0000 	 996.78 
j3027_1 	 3 	 2 	 57.00 	 57.00 	 0.0000 	 3.39 
j3027_1 	 5 	 2 	 62.00 	 62.00 	 0.0000 	 2.55 
j3027_1 	 7 	 2 	 66.00 	 66.00 	 0.0000 	 3.93 
j3027_2 	 3 	 2 	 73.00 	 73.00 	 0.0000 	 0.65 
j3027_2 	 5 	 2 	 81.00 	 81.00 	 0.0000 	 2.11 
j3027_2 	 7 	 2 	 88.00 	 88.00 	 0.0000 	 1.61 
j3027_3 	 3 	 2 	 74.00 	 74.00 	 0.0000 	 0.79 
j3027_3 	 5 	 2 	 81.00 	 81.00 	 0.0000 	 2.24 
j3027_3 	 7 	 2 	 87.00 	 87.00 	 0.0000 	 2.06 
j3027_4 	 3 	 2 	 77.00 	 77.00 	 0.0000 	 1.04 
j3027_4 	 5 	 2 	 84.00 	 84.00 	 0.0000 	 2.18 
j3027_4 	 7 	 2 	 90.00 	 90.00 	 0.0000 	 2.60 
j3027_5 	 3 	 2 	 64.00 	 64.00 	 0.0000 	 1.17 
j3027_5 	 5 	 2 	 71.00 	 71.00 	 0.0000 	 2.76 
j3027_5 	 7 	 2 	 75.00 	 75.00 	 0.0000 	 3.33 
j3027_6 	 3 	 2 	 74.00 	 74.00 	 0.0000 	 1.64 
j3027_6 	 5 	 2 	 82.00 	 82.00 	 0.0000 	 2.51 
j3027_6 	 7 	 2 	 87.00 	 87.00 	 0.0000 	 2.98 
j3027_7 	 3 	 2 	 63.00 	 63.00 	 0.0000 	 2.27 
j3027_7 	 5 	 2 	 70.00 	 70.00 	 0.0000 	 4.04 
j3027_7 	 7 	 2 	 74.00 	 74.00 	 0.0000 	 4.82 
j3027_8 	 3 	 2 	 79.00 	 79.00 	 0.0000 	 0.61 
j3027_8 	 5 	 2 	 87.00 	 87.00 	 0.0000 	 0.95 
j3027_8 	 7 	 2 	 95.00 	 95.00 	 0.0000 	 1.39 
j3027_9 	 3 	 2 	 69.00 	 69.00 	 0.0000 	 1.38 
j3027_9 	 5 	 2 	 75.00 	 75.00 	 0.0000 	 2.38 
j3027_9 	 7 	 2 	 79.00 	 79.00 	 0.0000 	 1.98 
j3027_10 	 3 	 2 	 76.00 	 76.00 	 0.0000 	 0.87 
j3027_10 	 5 	 2 	 84.00 	 84.00 	 0.0000 	 1.47 
j3027_10 	 7 	 2 	 90.00 	 90.00 	 0.0000 	 1.36 
j3028_1 	 3 	 2 	 84.00 	 84.00 	 0.0000 	 0.59 
j3028_1 	 5 	 2 	 93.00 	 93.00 	 0.0000 	 0.93 
j3028_1 	 7 	 2 	 101.00 	 101.00 	 0.0000 	 1.20 
j3028_2 	 3 	 2 	 72.00 	 72.00 	 0.0000 	 0.54 
j3028_2 	 5 	 2 	 80.00 	 80.00 	 0.0000 	 0.94 
j3028_2 	 7 	 2 	 84.00 	 84.00 	 0.0000 	 1.34 
j3028_3 	 3 	 2 	 52.00 	 52.00 	 0.0000 	 0.61 
j3028_3 	 5 	 2 	 56.00 	 56.00 	 0.0000 	 0.68 
j3028_3 	 7 	 2 	 60.00 	 60.00 	 0.0000 	 1.46 
j3028_4 	 3 	 2 	 62.00 	 62.00 	 0.0000 	 0.59 
j3028_4 	 5 	 2 	 68.00 	 68.00 	 0.0000 	 0.82 
j3028_4 	 7 	 2 	 73.00 	 73.00 	 0.0000 	 1.38 
j3028_5 	 3 	 2 	 88.00 	 88.00 	 0.0000 	 0.46 
j3028_5 	 5 	 2 	 97.00 	 97.00 	 0.0000 	 0.83 
j3028_5 	 7 	 2 	 104.00 	 104.00 	 0.0000 	 1.25 
j3028_6 	 3 	 2 	 69.00 	 69.00 	 0.0000 	 0.55 
j3028_6 	 5 	 2 	 76.00 	 76.00 	 0.0000 	 0.80 
j3028_6 	 7 	 2 	 82.00 	 82.00 	 0.0000 	 1.32 
j3028_7 	 3 	 2 	 63.00 	 63.00 	 0.0000 	 0.46 
j3028_7 	 5 	 2 	 71.00 	 71.00 	 0.0000 	 0.87 
j3028_7 	 7 	 2 	 74.00 	 74.00 	 0.0000 	 1.30 
j3028_8 	 3 	 2 	 68.00 	 68.00 	 0.0000 	 0.56 
j3028_8 	 5 	 2 	 77.00 	 77.00 	 0.0000 	 0.69 
j3028_8 	 7 	 2 	 81.00 	 81.00 	 0.0000 	 1.30 
j3028_9 	 3 	 2 	 76.00 	 76.00 	 0.0000 	 0.51 
j3028_9 	 5 	 2 	 84.00 	 84.00 	 0.0000 	 0.87 
j3028_9 	 7 	 2 	 91.00 	 91.00 	 0.0000 	 1.47 
j3028_10 	 3 	 2 	 73.00 	 73.00 	 0.0000 	 0.46 
j3028_10 	 5 	 2 	 81.00 	 81.00 	 0.0000 	 0.73 
j3028_10 	 7 	 2 	 88.00 	 88.00 	 0.0000 	 1.45 
j3029_1 	 3 	 9 	 77.00 	 108.00 	 0.2870 	 1200.02 
j3029_1 	 5 	 9 	 85.00 	 118.00 	 0.2797 	 1200.02 
j3029_1 	 7 	 9 	 91.00 	 127.00 	 0.2835 	 1200.03 
j3029_2 	 3 	 9 	 69.00 	 121.00 	 0.4298 	 1200.01 
j3029_2 	 5 	 9 	 75.00 	 131.00 	 0.4275 	 1200.01 
j3029_2 	 7 	 9 	 81.00 	 139.00 	 0.4173 	 1200.02 
j3029_3 	 3 	 9 	 59.00 	 105.00 	 0.4381 	 1200.01 
j3029_3 	 5 	 9 	 65.00 	 114.00 	 0.4298 	 1200.02 
j3029_3 	 7 	 9 	 70.00 	 120.00 	 0.4167 	 1200.02 
j3029_4 	 3 	 9 	 80.00 	 133.00 	 0.3985 	 1200.02 
j3029_4 	 5 	 9 	 89.00 	 143.00 	 0.3776 	 1200.02 
j3029_4 	 7 	 9 	 95.00 	 153.00 	 0.3791 	 1200.02 
j3029_5 	 3 	 9 	 67.00 	 129.00 	 0.4806 	 1200.01 
j3029_5 	 5 	 9 	 75.00 	 139.00 	 0.4604 	 1200.02 
j3029_5 	 7 	 9 	 80.00 	 148.00 	 0.4595 	 1200.02 
j3029_6 	 3 	 9 	 64.00 	 121.00 	 0.4711 	 1200.02 
j3029_6 	 5 	 9 	 73.00 	 129.00 	 0.4341 	 1200.02 
j3029_6 	 7 	 9 	 79.00 	 136.00 	 0.4191 	 1200.02 
j3029_7 	 3 	 9 	 58.00 	 99.00 	 0.4141 	 1200.02 
j3029_7 	 5 	 9 	 64.00 	 114.00 	 0.4386 	 1200.02 
j3029_7 	 7 	 9 	 67.00 	 121.00 	 0.4463 	 1200.03 
j3029_8 	 3 	 9 	 65.00 	 107.00 	 0.3925 	 1200.01 
j3029_8 	 5 	 9 	 73.00 	 118.00 	 0.3814 	 1200.02 
j3029_8 	 7 	 9 	 77.00 	 126.00 	 0.3889 	 1200.02 
j3029_9 	 3 	 9 	 66.00 	 135.00 	 0.5111 	 1200.02 
j3029_9 	 5 	 9 	 71.00 	 143.00 	 0.5035 	 1200.02 
j3029_9 	 7 	 9 	 77.00 	 151.00 	 0.4901 	 1200.02 
j3029_10 	 3 	 9 	 66.00 	 107.00 	 0.3832 	 1200.03 
j3029_10 	 5 	 9 	 73.00 	 116.00 	 0.3707 	 1200.02 
j3029_10 	 7 	 9 	 76.00 	 124.00 	 0.3871 	 1200.02 
j3030_1 	 3 	 9 	 54.00 	 62.00 	 0.1290 	 1200.02 
j3030_1 	 5 	 9 	 59.00 	 68.00 	 0.1324 	 1200.02 
j3030_1 	 7 	 9 	 61.00 	 75.00 	 0.1867 	 1200.04 
j3030_2 	 3 	 9 	 80.00 	 83.00 	 0.0361 	 1200.01 
j3030_2 	 5 	 9 	 88.00 	 92.00 	 0.0435 	 1200.01 
j3030_2 	 7 	 9 	 95.00 	 99.00 	 0.0404 	 1200.02 
j3030_3 	 3 	 9 	 67.00 	 69.00 	 0.0290 	 1200.01 
j3030_3 	 5 	 9 	 73.00 	 74.00 	 0.0135 	 1200.02 
j3030_3 	 7 	 9 	 78.00 	 82.00 	 0.0488 	 1200.02 
j3030_4 	 3 	 9 	 64.00 	 67.00 	 0.0448 	 1200.01 
j3030_4 	 5 	 9 	 72.00 	 73.00 	 0.0137 	 1200.01 
j3030_4 	 7 	 9 	 77.00 	 79.00 	 0.0253 	 1200.02 
j3030_5 	 3 	 9 	 67.00 	 68.00 	 0.0147 	 1200.02 
j3030_5 	 5 	 2 	 75.00 	 75.00 	 0.0000 	 1164.33 
j3030_5 	 7 	 9 	 78.00 	 80.00 	 0.0250 	 1200.03 
j3030_6 	 3 	 9 	 74.00 	 77.00 	 0.0390 	 1200.02 
j3030_6 	 5 	 9 	 83.00 	 85.00 	 0.0235 	 1200.02 
j3030_6 	 7 	 9 	 88.00 	 92.00 	 0.0435 	 1200.02 
j3030_7 	 3 	 2 	 83.00 	 83.00 	 0.0000 	 623.05 
j3030_7 	 5 	 9 	 91.00 	 93.00 	 0.0215 	 1200.02 
j3030_7 	 7 	 2 	 99.00 	 99.00 	 0.0000 	 1130.69 
j3030_8 	 3 	 9 	 55.00 	 61.00 	 0.0984 	 1200.03 
j3030_8 	 5 	 9 	 60.00 	 68.00 	 0.1176 	 1200.02 
j3030_8 	 7 	 9 	 62.00 	 70.00 	 0.1143 	 1200.03 
j3030_9 	 3 	 2 	 59.00 	 59.00 	 0.0000 	 1015.32 
j3030_9 	 5 	 2 	 66.00 	 66.00 	 0.0000 	 556.54 
j3030_9 	 7 	 9 	 68.00 	 70.00 	 0.0286 	 1200.02 
j3030_10 	 3 	 9 	 63.00 	 67.00 	 0.0597 	 1200.01 
j3030_10 	 5 	 9 	 71.00 	 74.00 	 0.0405 	 1200.02 
j3030_10 	 7 	 9 	 75.00 	 79.00 	 0.0506 	 1200.01 
j3031_1 	 3 	 2 	 56.00 	 56.00 	 0.0000 	 2.03 
j3031_1 	 5 	 2 	 63.00 	 63.00 	 0.0000 	 2.78 
j3031_1 	 7 	 2 	 67.00 	 67.00 	 0.0000 	 1.37 
j3031_2 	 3 	 2 	 77.00 	 77.00 	 0.0000 	 1.93 
j3031_2 	 5 	 2 	 85.00 	 85.00 	 0.0000 	 2.56 
j3031_2 	 7 	 2 	 92.00 	 92.00 	 0.0000 	 2.56 
j3031_3 	 3 	 2 	 73.00 	 73.00 	 0.0000 	 0.66 
j3031_3 	 5 	 2 	 81.00 	 81.00 	 0.0000 	 1.13 
j3031_3 	 7 	 2 	 87.00 	 87.00 	 0.0000 	 3.45 
j3031_4 	 3 	 2 	 64.00 	 64.00 	 0.0000 	 0.72 
j3031_4 	 5 	 2 	 71.00 	 71.00 	 0.0000 	 2.85 
j3031_4 	 7 	 2 	 75.00 	 75.00 	 0.0000 	 3.21 
j3031_5 	 3 	 2 	 66.00 	 66.00 	 0.0000 	 19.40 
j3031_5 	 5 	 2 	 72.00 	 72.00 	 0.0000 	 20.13 
j3031_5 	 7 	 2 	 77.00 	 77.00 	 0.0000 	 35.15 
j3031_6 	 3 	 2 	 67.00 	 67.00 	 0.0000 	 3.94 
j3031_6 	 5 	 2 	 74.00 	 74.00 	 0.0000 	 5.46 
j3031_6 	 7 	 2 	 79.00 	 79.00 	 0.0000 	 5.15 
j3031_7 	 3 	 2 	 75.00 	 75.00 	 0.0000 	 5.82 
j3031_7 	 5 	 2 	 83.00 	 83.00 	 0.0000 	 3.40 
j3031_7 	 7 	 2 	 90.00 	 90.00 	 0.0000 	 1.57 
j3031_8 	 3 	 2 	 73.00 	 73.00 	 0.0000 	 1.73 
j3031_8 	 5 	 2 	 82.00 	 82.00 	 0.0000 	 1.13 
j3031_8 	 7 	 2 	 87.00 	 87.00 	 0.0000 	 2.71 
j3031_9 	 3 	 9 	 62.00 	 65.00 	 0.0462 	 1200.01 
j3031_9 	 5 	 9 	 67.00 	 70.00 	 0.0429 	 1200.02 
j3031_9 	 7 	 9 	 72.00 	 74.00 	 0.0270 	 1200.02 
j3031_10 	 3 	 9 	 64.00 	 69.00 	 0.0725 	 1200.02 
j3031_10 	 5 	 9 	 72.00 	 75.00 	 0.0400 	 1200.02 
j3031_10 	 7 	 9 	 76.00 	 82.00 	 0.0732 	 1200.02 
j3032_1 	 3 	 2 	 76.00 	 76.00 	 0.0000 	 0.58 
j3032_1 	 5 	 2 	 85.00 	 85.00 	 0.0000 	 0.79 
j3032_1 	 7 	 2 	 92.00 	 92.00 	 0.0000 	 1.09 
j3032_2 	 3 	 2 	 75.00 	 75.00 	 0.0000 	 0.69 
j3032_2 	 5 	 2 	 83.00 	 83.00 	 0.0000 	 1.15 
j3032_2 	 7 	 2 	 90.00 	 90.00 	 0.0000 	 1.35 
j3032_3 	 3 	 2 	 72.00 	 72.00 	 0.0000 	 0.67 
j3032_3 	 5 	 2 	 80.00 	 80.00 	 0.0000 	 1.56 
j3032_3 	 7 	 2 	 88.00 	 88.00 	 0.0000 	 2.38 
j3032_4 	 3 	 2 	 83.00 	 83.00 	 0.0000 	 0.62 
j3032_4 	 5 	 2 	 93.00 	 93.00 	 0.0000 	 0.99 
j3032_4 	 7 	 2 	 101.00 	 101.00 	 0.0000 	 1.34 
j3032_5 	 3 	 2 	 69.00 	 69.00 	 0.0000 	 0.72 
j3032_5 	 5 	 2 	 78.00 	 78.00 	 0.0000 	 0.95 
j3032_5 	 7 	 2 	 81.00 	 81.00 	 0.0000 	 2.18 
j3032_6 	 3 	 2 	 56.00 	 56.00 	 0.0000 	 0.49 
j3032_6 	 5 	 2 	 62.00 	 62.00 	 0.0000 	 0.76 
j3032_6 	 7 	 2 	 66.00 	 66.00 	 0.0000 	 1.64 
j3032_7 	 3 	 2 	 47.00 	 47.00 	 0.0000 	 0.66 
j3032_7 	 5 	 2 	 52.00 	 52.00 	 0.0000 	 0.93 
j3032_7 	 7 	 2 	 54.00 	 54.00 	 0.0000 	 1.30 
j3032_8 	 3 	 2 	 69.00 	 69.00 	 0.0000 	 0.52 
j3032_8 	 5 	 2 	 78.00 	 78.00 	 0.0000 	 0.89 
j3032_8 	 7 	 2 	 81.00 	 81.00 	 0.0000 	 1.03 
j3032_9 	 3 	 2 	 80.00 	 80.00 	 0.0000 	 0.57 
j3032_9 	 5 	 2 	 90.00 	 90.00 	 0.0000 	 0.90 
j3032_9 	 7 	 2 	 96.00 	 96.00 	 0.0000 	 1.11 
j3032_10 	 3 	 2 	 64.00 	 64.00 	 0.0000 	 1.07 
j3032_10 	 5 	 2 	 72.00 	 72.00 	 0.0000 	 1.21 
j3032_10 	 7 	 2 	 78.00 	 78.00 	 0.0000 	 1.53 
j3033_1 	 3 	 2 	 80.00 	 80.00 	 0.0000 	 0.87 
j3033_1 	 5 	 2 	 88.00 	 88.00 	 0.0000 	 1.75 
j3033_1 	 7 	 2 	 94.00 	 94.00 	 0.0000 	 2.36 
j3033_2 	 3 	 2 	 75.00 	 75.00 	 0.0000 	 1.48 
j3033_2 	 5 	 2 	 83.00 	 83.00 	 0.0000 	 2.81 
j3033_2 	 7 	 2 	 89.00 	 89.00 	 0.0000 	 3.01 
j3033_3 	 3 	 2 	 69.00 	 69.00 	 0.0000 	 0.62 
j3033_3 	 5 	 2 	 77.00 	 77.00 	 0.0000 	 0.98 
j3033_3 	 7 	 2 	 83.00 	 83.00 	 0.0000 	 1.94 
j3033_4 	 3 	 2 	 92.00 	 92.00 	 0.0000 	 0.46 
j3033_4 	 5 	 2 	 102.00 	 102.00 	 0.0000 	 0.90 
j3033_4 	 7 	 2 	 110.00 	 110.00 	 0.0000 	 0.72 
j3033_5 	 3 	 2 	 65.00 	 65.00 	 0.0000 	 0.64 
j3033_5 	 5 	 2 	 73.00 	 73.00 	 0.0000 	 1.38 
j3033_5 	 7 	 2 	 80.00 	 80.00 	 0.0000 	 4.89 
j3033_6 	 3 	 2 	 73.00 	 73.00 	 0.0000 	 1.03 
j3033_6 	 5 	 2 	 81.00 	 81.00 	 0.0000 	 1.52 
j3033_6 	 7 	 2 	 87.00 	 87.00 	 0.0000 	 2.62 
j3033_7 	 3 	 2 	 73.00 	 73.00 	 0.0000 	 0.40 
j3033_7 	 5 	 2 	 82.00 	 82.00 	 0.0000 	 0.59 
j3033_7 	 7 	 2 	 87.00 	 87.00 	 0.0000 	 0.90 
j3033_8 	 3 	 2 	 76.00 	 76.00 	 0.0000 	 3.37 
j3033_8 	 5 	 2 	 84.00 	 84.00 	 0.0000 	 4.12 
j3033_8 	 7 	 2 	 90.00 	 90.00 	 0.0000 	 9.92 
j3033_9 	 3 	 2 	 79.00 	 79.00 	 0.0000 	 2.02 
j3033_9 	 5 	 2 	 87.00 	 87.00 	 0.0000 	 3.06 
j3033_9 	 7 	 2 	 93.00 	 93.00 	 0.0000 	 6.06 
j3033_10 	 3 	 2 	 67.00 	 67.00 	 0.0000 	 0.44 
j3033_10 	 5 	 2 	 75.00 	 75.00 	 0.0000 	 0.63 
j3033_10 	 7 	 2 	 82.00 	 82.00 	 0.0000 	 1.06 
j3034_1 	 3 	 2 	 83.00 	 83.00 	 0.0000 	 0.76 
j3034_1 	 5 	 2 	 93.00 	 93.00 	 0.0000 	 1.12 
j3034_1 	 7 	 2 	 101.00 	 101.00 	 0.0000 	 2.23 
j3034_2 	 3 	 2 	 57.00 	 57.00 	 0.0000 	 0.59 
j3034_2 	 5 	 2 	 63.00 	 63.00 	 0.0000 	 0.94 
j3034_2 	 7 	 2 	 67.00 	 67.00 	 0.0000 	 1.34 
j3034_3 	 3 	 2 	 83.00 	 83.00 	 0.0000 	 0.60 
j3034_3 	 5 	 2 	 91.00 	 91.00 	 0.0000 	 0.86 
j3034_3 	 7 	 2 	 98.00 	 98.00 	 0.0000 	 1.53 
j3034_4 	 3 	 2 	 82.00 	 82.00 	 0.0000 	 0.33 
j3034_4 	 5 	 2 	 92.00 	 92.00 	 0.0000 	 0.53 
j3034_4 	 7 	 2 	 98.00 	 98.00 	 0.0000 	 0.88 
j3034_5 	 3 	 2 	 77.00 	 77.00 	 0.0000 	 0.52 
j3034_5 	 5 	 2 	 85.00 	 85.00 	 0.0000 	 1.06 
j3034_5 	 7 	 2 	 91.00 	 91.00 	 0.0000 	 1.55 
j3034_6 	 3 	 2 	 66.00 	 66.00 	 0.0000 	 0.50 
j3034_6 	 5 	 2 	 73.00 	 73.00 	 0.0000 	 0.81 
j3034_6 	 7 	 2 	 78.00 	 78.00 	 0.0000 	 1.28 
j3034_7 	 3 	 2 	 73.00 	 73.00 	 0.0000 	 0.41 
j3034_7 	 5 	 2 	 81.00 	 81.00 	 0.0000 	 0.78 
j3034_7 	 7 	 2 	 86.00 	 86.00 	 0.0000 	 0.99 
j3034_8 	 3 	 2 	 73.00 	 73.00 	 0.0000 	 1.12 
j3034_8 	 5 	 2 	 81.00 	 81.00 	 0.0000 	 2.40 
j3034_8 	 7 	 2 	 86.00 	 86.00 	 0.0000 	 3.64 
j3034_9 	 3 	 2 	 75.00 	 75.00 	 0.0000 	 0.36 
j3034_9 	 5 	 2 	 82.00 	 82.00 	 0.0000 	 0.50 
j3034_9 	 7 	 2 	 87.00 	 87.00 	 0.0000 	 0.86 
j3034_10 	 3 	 2 	 61.00 	 61.00 	 0.0000 	 0.39 
j3034_10 	 5 	 2 	 67.00 	 67.00 	 0.0000 	 0.64 
j3034_10 	 7 	 2 	 71.00 	 71.00 	 0.0000 	 1.13 
j3035_1 	 3 	 2 	 72.00 	 72.00 	 0.0000 	 0.33 
j3035_1 	 5 	 2 	 81.00 	 81.00 	 0.0000 	 0.59 
j3035_1 	 7 	 2 	 86.00 	 86.00 	 0.0000 	 1.29 
j3035_2 	 3 	 2 	 68.00 	 68.00 	 0.0000 	 0.36 
j3035_2 	 5 	 2 	 77.00 	 77.00 	 0.0000 	 0.63 
j3035_2 	 7 	 2 	 82.00 	 82.00 	 0.0000 	 1.18 
j3035_3 	 3 	 2 	 75.00 	 75.00 	 0.0000 	 0.30 
j3035_3 	 5 	 2 	 83.00 	 83.00 	 0.0000 	 0.64 
j3035_3 	 7 	 2 	 89.00 	 89.00 	 0.0000 	 0.77 
j3035_4 	 3 	 2 	 64.00 	 64.00 	 0.0000 	 0.45 
j3035_4 	 5 	 2 	 71.00 	 71.00 	 0.0000 	 0.67 
j3035_4 	 7 	 2 	 75.00 	 75.00 	 0.0000 	 0.98 
j3035_5 	 3 	 2 	 75.00 	 75.00 	 0.0000 	 0.42 
j3035_5 	 5 	 2 	 84.00 	 84.00 	 0.0000 	 0.63 
j3035_5 	 7 	 2 	 91.00 	 91.00 	 0.0000 	 0.99 
j3035_6 	 3 	 2 	 72.00 	 72.00 	 0.0000 	 0.59 
j3035_6 	 5 	 2 	 78.00 	 78.00 	 0.0000 	 0.79 
j3035_6 	 7 	 2 	 84.00 	 84.00 	 0.0000 	 1.61 
j3035_7 	 3 	 2 	 76.00 	 76.00 	 0.0000 	 0.52 
j3035_7 	 5 	 2 	 84.00 	 84.00 	 0.0000 	 1.07 
j3035_7 	 7 	 2 	 90.00 	 90.00 	 0.0000 	 1.72 
j3035_8 	 3 	 2 	 78.00 	 78.00 	 0.0000 	 0.36 
j3035_8 	 5 	 2 	 86.00 	 86.00 	 0.0000 	 0.60 
j3035_8 	 7 	 2 	 94.00 	 94.00 	 0.0000 	 0.97 
j3035_9 	 3 	 2 	 74.00 	 74.00 	 0.0000 	 0.38 
j3035_9 	 5 	 2 	 83.00 	 83.00 	 0.0000 	 0.78 
j3035_9 	 7 	 2 	 89.00 	 89.00 	 0.0000 	 1.21 
j3035_10 	 3 	 2 	 72.00 	 72.00 	 0.0000 	 0.53 
j3035_10 	 5 	 2 	 80.00 	 80.00 	 0.0000 	 0.92 
j3035_10 	 7 	 2 	 86.00 	 86.00 	 0.0000 	 2.34 
j3036_1 	 3 	 2 	 81.00 	 81.00 	 0.0000 	 0.30 
j3036_1 	 5 	 2 	 91.00 	 91.00 	 0.0000 	 0.52 
j3036_1 	 7 	 2 	 97.00 	 97.00 	 0.0000 	 0.69 
j3036_2 	 3 	 2 	 56.00 	 56.00 	 0.0000 	 0.36 
j3036_2 	 5 	 2 	 62.00 	 62.00 	 0.0000 	 0.46 
j3036_2 	 7 	 2 	 67.00 	 67.00 	 0.0000 	 0.68 
j3036_3 	 3 	 2 	 76.00 	 76.00 	 0.0000 	 0.33 
j3036_3 	 5 	 2 	 84.00 	 84.00 	 0.0000 	 0.56 
j3036_3 	 7 	 2 	 91.00 	 91.00 	 0.0000 	 0.69 
j3036_4 	 3 	 2 	 74.00 	 74.00 	 0.0000 	 0.37 
j3036_4 	 5 	 2 	 82.00 	 82.00 	 0.0000 	 0.52 
j3036_4 	 7 	 2 	 89.00 	 89.00 	 0.0000 	 0.74 
j3036_5 	 3 	 2 	 79.00 	 79.00 	 0.0000 	 0.33 
j3036_5 	 5 	 2 	 87.00 	 87.00 	 0.0000 	 0.48 
j3036_5 	 7 	 2 	 94.00 	 94.00 	 0.0000 	 0.79 
j3036_6 	 3 	 2 	 59.00 	 59.00 	 0.0000 	 0.31 
j3036_6 	 5 	 2 	 67.00 	 67.00 	 0.0000 	 0.53 
j3036_6 	 7 	 2 	 69.00 	 69.00 	 0.0000 	 0.70 
j3036_7 	 3 	 2 	 70.00 	 70.00 	 0.0000 	 0.33 
j3036_7 	 5 	 2 	 78.00 	 78.00 	 0.0000 	 0.48 
j3036_7 	 7 	 2 	 83.00 	 83.00 	 0.0000 	 0.76 
j3036_8 	 3 	 2 	 76.00 	 76.00 	 0.0000 	 0.30 
j3036_8 	 5 	 2 	 84.00 	 84.00 	 0.0000 	 0.84 
j3036_8 	 7 	 2 	 89.00 	 89.00 	 0.0000 	 0.87 
j3036_9 	 3 	 2 	 74.00 	 74.00 	 0.0000 	 0.30 
j3036_9 	 5 	 2 	 83.00 	 83.00 	 0.0000 	 0.52 
j3036_9 	 7 	 2 	 88.00 	 88.00 	 0.0000 	 0.86 
j3036_10 	 3 	 2 	 73.00 	 73.00 	 0.0000 	 0.33 
j3036_10 	 5 	 2 	 81.00 	 81.00 	 0.0000 	 0.62 
j3036_10 	 7 	 2 	 87.00 	 87.00 	 0.0000 	 0.78  
j3037_1 	 3 	 2 	 94.00 	 94.00 	 0.0000 	 236.52 
j3037_1 	 5 	 2 	 103.00 	 103.00 	 0.0000 	 569.07 
j3037_1 	 7 	 2 	 111.00 	 111.00 	 0.0000 	 484.44 
j3037_2 	 3 	 2 	 84.00 	 84.00 	 0.0000 	 30.99 
j3037_2 	 5 	 2 	 92.00 	 92.00 	 0.0000 	 183.32 
j3037_2 	 7 	 2 	 100.00 	 100.00 	 0.0000 	 181.31 
j3037_3 	 3 	 9 	 71.00 	 99.00 	 0.2828 	 1200.01 
j3037_3 	 5 	 9 	 85.00 	 104.00 	 0.1827 	 1200.03 
j3037_3 	 7 	 9 	 85.00 	 113.00 	 0.2478 	 1200.02 
j3037_4 	 3 	 9 	 79.00 	 98.00 	 0.1939 	 1200.01 
j3037_4 	 5 	 9 	 88.00 	 106.00 	 0.1698 	 1200.02 
j3037_4 	 7 	 9 	 96.00 	 113.00 	 0.1504 	 1200.02 
j3037_5 	 3 	 2 	 95.00 	 95.00 	 0.0000 	 31.60 
j3037_5 	 5 	 2 	 105.00 	 105.00 	 0.0000 	 128.41 
j3037_5 	 7 	 2 	 114.00 	 114.00 	 0.0000 	 98.17 
j3037_6 	 3 	 2 	 87.00 	 87.00 	 0.0000 	 32.14 
j3037_6 	 5 	 2 	 95.00 	 95.00 	 0.0000 	 62.53 
j3037_6 	 7 	 2 	 102.00 	 102.00 	 0.0000 	 95.26 
j3037_7 	 3 	 9 	 89.00 	 108.00 	 0.1759 	 1200.02 
j3037_7 	 5 	 9 	 100.00 	 116.00 	 0.1379 	 1200.02 
j3037_7 	 7 	 9 	 104.00 	 124.00 	 0.1613 	 1200.03 
j3037_8 	 3 	 2 	 87.00 	 87.00 	 0.0000 	 30.84 
j3037_8 	 5 	 2 	 96.00 	 96.00 	 0.0000 	 231.09 
j3037_8 	 7 	 2 	 104.00 	 104.00 	 0.0000 	 108.99 
j3037_9 	 3 	 2 	 71.00 	 71.00 	 0.0000 	 82.13 
j3037_9 	 5 	 2 	 77.00 	 77.00 	 0.0000 	 135.40 
j3037_9 	 7 	 2 	 82.00 	 82.00 	 0.0000 	 183.71 
j3037_10 	 3 	 9 	 90.00 	 95.00 	 0.0526 	 1200.01 
j3037_10 	 5 	 9 	 95.00 	 103.00 	 0.0777 	 1200.01 
j3037_10 	 7 	 9 	 99.00 	 110.00 	 0.1000 	 1200.02 
j3038_1 	 3 	 2 	 62.00 	 62.00 	 0.0000 	 1.20 
j3038_1 	 5 	 2 	 70.00 	 70.00 	 0.0000 	 1.60 
j3038_1 	 7 	 2 	 73.00 	 73.00 	 0.0000 	 3.33 
j3038_2 	 3 	 2 	 69.00 	 69.00 	 0.0000 	 2.14 
j3038_2 	 5 	 2 	 76.00 	 76.00 	 0.0000 	 3.53 
j3038_2 	 7 	 2 	 81.00 	 81.00 	 0.0000 	 4.54 
j3038_3 	 3 	 2 	 74.00 	 74.00 	 0.0000 	 2.34 
j3038_3 	 5 	 2 	 82.00 	 82.00 	 0.0000 	 5.28 
j3038_3 	 7 	 2 	 87.00 	 87.00 	 0.0000 	 5.68 
j3038_4 	 3 	 2 	 74.00 	 74.00 	 0.0000 	 2.87 
j3038_4 	 5 	 2 	 83.00 	 83.00 	 0.0000 	 1.65 
j3038_4 	 7 	 2 	 89.00 	 89.00 	 0.0000 	 2.75 
j3038_5 	 3 	 2 	 86.00 	 86.00 	 0.0000 	 9.75 
j3038_5 	 5 	 2 	 95.00 	 95.00 	 0.0000 	 12.54 
j3038_5 	 7 	 2 	 103.00 	 103.00 	 0.0000 	 46.04 
j3038_6 	 3 	 2 	 78.00 	 78.00 	 0.0000 	 1.73 
j3038_6 	 5 	 2 	 86.00 	 86.00 	 0.0000 	 3.45 
j3038_6 	 7 	 2 	 93.00 	 93.00 	 0.0000 	 4.94 
j3038_7 	 3 	 2 	 80.00 	 80.00 	 0.0000 	 3.42 
j3038_7 	 5 	 2 	 90.00 	 90.00 	 0.0000 	 11.48 
j3038_7 	 7 	 2 	 96.00 	 96.00 	 0.0000 	 3.12 
j3038_8 	 3 	 2 	 76.00 	 76.00 	 0.0000 	 2.55 
j3038_8 	 5 	 2 	 84.00 	 84.00 	 0.0000 	 4.89 
j3038_8 	 7 	 2 	 90.00 	 90.00 	 0.0000 	 9.56 
j3038_9 	 3 	 2 	 78.00 	 78.00 	 0.0000 	 8.16 
j3038_9 	 5 	 2 	 86.00 	 86.00 	 0.0000 	 79.19 
j3038_9 	 7 	 2 	 94.00 	 94.00 	 0.0000 	 85.22 
j3038_10 	 3 	 2 	 75.00 	 75.00 	 0.0000 	 1.91 
j3038_10 	 5 	 2 	 82.00 	 82.00 	 0.0000 	 6.01 
j3038_10 	 7 	 2 	 87.00 	 87.00 	 0.0000 	 11.20 
j3039_1 	 3 	 2 	 70.00 	 70.00 	 0.0000 	 0.63 
j3039_1 	 5 	 2 	 78.00 	 78.00 	 0.0000 	 0.85 
j3039_1 	 7 	 2 	 84.00 	 84.00 	 0.0000 	 1.26 
j3039_2 	 3 	 2 	 69.00 	 69.00 	 0.0000 	 0.48 
j3039_2 	 5 	 2 	 77.00 	 77.00 	 0.0000 	 0.96 
j3039_2 	 7 	 2 	 81.00 	 81.00 	 0.0000 	 1.41 
j3039_3 	 3 	 2 	 69.00 	 69.00 	 0.0000 	 1.09 
j3039_3 	 5 	 2 	 77.00 	 77.00 	 0.0000 	 1.67 
j3039_3 	 7 	 2 	 82.00 	 82.00 	 0.0000 	 2.61 
j3039_4 	 3 	 2 	 68.00 	 68.00 	 0.0000 	 1.05 
j3039_4 	 5 	 2 	 75.00 	 75.00 	 0.0000 	 1.61 
j3039_4 	 7 	 2 	 80.00 	 80.00 	 0.0000 	 2.17 
j3039_5 	 3 	 2 	 70.00 	 70.00 	 0.0000 	 0.55 
j3039_5 	 5 	 2 	 79.00 	 79.00 	 0.0000 	 0.94 
j3039_5 	 7 	 2 	 84.00 	 84.00 	 0.0000 	 1.09 
j3039_6 	 3 	 2 	 84.00 	 84.00 	 0.0000 	 0.55 
j3039_6 	 5 	 2 	 94.00 	 94.00 	 0.0000 	 1.70 
j3039_6 	 7 	 2 	 101.00 	 101.00 	 0.0000 	 1.27 
j3039_7 	 3 	 2 	 71.00 	 71.00 	 0.0000 	 0.69 
j3039_7 	 5 	 2 	 79.00 	 79.00 	 0.0000 	 1.06 
j3039_7 	 7 	 2 	 84.00 	 84.00 	 0.0000 	 1.54 
j3039_8 	 3 	 2 	 82.00 	 82.00 	 0.0000 	 0.47 
j3039_8 	 5 	 2 	 90.00 	 90.00 	 0.0000 	 0.86 
j3039_8 	 7 	 2 	 97.00 	 97.00 	 0.0000 	 1.22 
j3039_9 	 3 	 2 	 79.00 	 79.00 	 0.0000 	 2.45 
j3039_9 	 5 	 2 	 88.00 	 88.00 	 0.0000 	 4.71 
j3039_9 	 7 	 2 	 96.00 	 96.00 	 0.0000 	 9.20 
j3039_10 	 3 	 2 	 75.00 	 75.00 	 0.0000 	 2.35 
j3039_10 	 5 	 2 	 83.00 	 83.00 	 0.0000 	 4.25 
j3039_10 	 7 	 2 	 89.00 	 89.00 	 0.0000 	 9.02 
j3040_1 	 3 	 2 	 65.00 	 65.00 	 0.0000 	 0.49 
j3040_1 	 5 	 2 	 73.00 	 73.00 	 0.0000 	 1.18 
j3040_1 	 7 	 2 	 78.00 	 78.00 	 0.0000 	 1.12 
j3040_2 	 3 	 2 	 70.00 	 70.00 	 0.0000 	 0.39 
j3040_2 	 5 	 2 	 78.00 	 78.00 	 0.0000 	 1.16 
j3040_2 	 7 	 2 	 85.00 	 85.00 	 0.0000 	 1.20 
j3040_3 	 3 	 2 	 72.00 	 72.00 	 0.0000 	 0.44 
j3040_3 	 5 	 2 	 80.00 	 80.00 	 0.0000 	 0.79 
j3040_3 	 7 	 2 	 87.00 	 87.00 	 0.0000 	 1.21 
j3040_4 	 3 	 2 	 72.00 	 72.00 	 0.0000 	 0.53 
j3040_4 	 5 	 2 	 81.00 	 81.00 	 0.0000 	 1.29 
j3040_4 	 7 	 2 	 87.00 	 87.00 	 0.0000 	 1.14 
j3040_5 	 3 	 2 	 80.00 	 80.00 	 0.0000 	 0.44 
j3040_5 	 5 	 2 	 89.00 	 89.00 	 0.0000 	 0.74 
j3040_5 	 7 	 2 	 96.00 	 96.00 	 0.0000 	 1.19 
j3040_6 	 3 	 2 	 73.00 	 73.00 	 0.0000 	 0.52 
j3040_6 	 5 	 2 	 81.00 	 81.00 	 0.0000 	 1.20 
j3040_6 	 7 	 2 	 87.00 	 87.00 	 0.0000 	 1.66 
j3040_7 	 3 	 2 	 61.00 	 61.00 	 0.0000 	 0.50 
j3040_7 	 5 	 2 	 68.00 	 68.00 	 0.0000 	 0.91 
j3040_7 	 7 	 2 	 71.00 	 71.00 	 0.0000 	 1.17 
j3040_8 	 3 	 2 	 72.00 	 72.00 	 0.0000 	 0.42 
j3040_8 	 5 	 2 	 80.00 	 80.00 	 0.0000 	 0.81 
j3040_8 	 7 	 2 	 86.00 	 86.00 	 0.0000 	 1.20 
j3040_9 	 3 	 2 	 79.00 	 79.00 	 0.0000 	 0.48 
j3040_9 	 5 	 2 	 88.00 	 88.00 	 0.0000 	 0.77 
j3040_9 	 7 	 2 	 95.00 	 95.00 	 0.0000 	 0.94 
j3040_10 	 3 	 2 	 62.00 	 62.00 	 0.0000 	 0.41 
j3040_10 	 5 	 2 	 68.00 	 68.00 	 0.0000 	 0.97 
j3040_10 	 7 	 2 	 73.00 	 73.00 	 0.0000 	 1.43 
j3041_1 	 3 	 9 	 82.00 	 101.00 	 0.1881 	 1200.02 
j3041_1 	 5 	 9 	 86.00 	 115.00 	 0.2522 	 1200.02 
j3041_1 	 7 	 9 	 91.00 	 127.00 	 0.2835 	 1200.02 
j3041_2 	 3 	 9 	 75.00 	 113.00 	 0.3363 	 1200.02 
j3041_2 	 5 	 9 	 81.00 	 122.00 	 0.3361 	 1200.01 
j3041_2 	 7 	 9 	 86.00 	 130.00 	 0.3385 	 1200.03 
j3041_3 	 3 	 9 	 77.00 	 103.00 	 0.2524 	 1200.02 
j3041_3 	 5 	 9 	 83.00 	 113.00 	 0.2655 	 1200.01 
j3041_3 	 7 	 9 	 89.00 	 126.00 	 0.2937 	 1200.02 
j3041_4 	 3 	 9 	 80.00 	 98.00 	 0.1837 	 1200.02 
j3041_4 	 5 	 9 	 89.00 	 108.00 	 0.1759 	 1200.02 
j3041_4 	 7 	 9 	 91.00 	 119.00 	 0.2353 	 1200.02 
j3041_5 	 3 	 9 	 98.00 	 116.00 	 0.1552 	 1200.02 
j3041_5 	 5 	 9 	 105.00 	 127.00 	 0.1732 	 1200.03 
j3041_5 	 7 	 9 	 108.00 	 137.00 	 0.2117 	 1200.02 
j3041_6 	 3 	 9 	 81.00 	 118.00 	 0.3136 	 1200.02 
j3041_6 	 5 	 9 	 88.00 	 133.00 	 0.3383 	 1200.03 
j3041_6 	 7 	 9 	 97.00 	 141.00 	 0.3121 	 1200.02 
j3041_7 	 3 	 9 	 85.00 	 108.00 	 0.2130 	 1200.02 
j3041_7 	 5 	 9 	 93.00 	 122.00 	 0.2377 	 1200.02 
j3041_7 	 7 	 9 	 99.00 	 132.00 	 0.2500 	 1200.02 
j3041_8 	 3 	 9 	 75.00 	 110.00 	 0.3182 	 1200.01 
j3041_8 	 5 	 9 	 81.00 	 119.00 	 0.3193 	 1200.02 
j3041_8 	 7 	 9 	 87.00 	 127.00 	 0.3150 	 1200.02 
j3041_9 	 3 	 9 	 89.00 	 110.00 	 0.1909 	 1200.01 
j3041_9 	 5 	 9 	 97.00 	 116.00 	 0.1638 	 1200.03 
j3041_9 	 7 	 9 	 105.00 	 127.00 	 0.1732 	 1200.04 
j3041_10 	 3 	 9 	 79.00 	 121.00 	 0.3471 	 1200.02 
j3041_10 	 5 	 9 	 89.00 	 132.00 	 0.3258 	 1200.02 
j3041_10 	 7 	 9 	 97.00 	 141.00 	 0.3121 	 1200.03 
j3042_1 	 3 	 2 	 73.00 	 73.00 	 0.0000 	 0.56 
j3042_1 	 5 	 2 	 81.00 	 81.00 	 0.0000 	 2.39 
j3042_1 	 7 	 2 	 88.00 	 88.00 	 0.0000 	 3.20 
j3042_2 	 3 	 2 	 62.00 	 62.00 	 0.0000 	 25.23 
j3042_2 	 5 	 2 	 69.00 	 69.00 	 0.0000 	 39.71 
j3042_2 	 7 	 2 	 73.00 	 73.00 	 0.0000 	 79.97 
j3042_3 	 3 	 2 	 75.00 	 75.00 	 0.0000 	 122.98 
j3042_3 	 5 	 2 	 83.00 	 83.00 	 0.0000 	 301.08 
j3042_3 	 7 	 2 	 88.00 	 88.00 	 0.0000 	 149.19 
j3042_4 	 3 	 2 	 63.00 	 63.00 	 0.0000 	 572.97 
j3042_4 	 5 	 2 	 69.00 	 69.00 	 0.0000 	 430.81 
j3042_4 	 7 	 2 	 73.00 	 73.00 	 0.0000 	 498.52 
j3042_5 	 3 	 2 	 67.00 	 67.00 	 0.0000 	 1.53 
j3042_5 	 5 	 2 	 76.00 	 76.00 	 0.0000 	 4.96 
j3042_5 	 7 	 2 	 80.00 	 80.00 	 0.0000 	 5.81 
j3042_6 	 3 	 2 	 81.00 	 81.00 	 0.0000 	 19.35 
j3042_6 	 5 	 2 	 89.00 	 89.00 	 0.0000 	 16.96 
j3042_6 	 7 	 2 	 95.00 	 95.00 	 0.0000 	 27.98 
j3042_7 	 3 	 2 	 81.00 	 81.00 	 0.0000 	 2.80 
j3042_7 	 5 	 2 	 90.00 	 90.00 	 0.0000 	 7.29 
j3042_7 	 7 	 2 	 96.00 	 96.00 	 0.0000 	 9.78 
j3042_8 	 3 	 9 	 89.00 	 97.00 	 0.0825 	 1200.01 
j3042_8 	 5 	 9 	 97.00 	 106.00 	 0.0849 	 1200.02 
j3042_8 	 7 	 9 	 104.00 	 114.00 	 0.0877 	 1200.03 
j3042_9 	 3 	 2 	 75.00 	 75.00 	 0.0000 	 987.76 
j3042_9 	 5 	 2 	 84.00 	 84.00 	 0.0000 	 114.29 
j3042_9 	 7 	 2 	 89.00 	 89.00 	 0.0000 	 24.11 
j3042_10 	 3 	 2 	 90.00 	 90.00 	 0.0000 	 0.62 
j3042_10 	 5 	 2 	 100.00 	 100.00 	 0.0000 	 1.22 
j3042_10 	 7 	 2 	 108.00 	 108.00 	 0.0000 	 1.67 
j3043_1 	 3 	 2 	 68.00 	 68.00 	 0.0000 	 4.59 
j3043_1 	 5 	 2 	 75.00 	 75.00 	 0.0000 	 7.64 
j3043_1 	 7 	 2 	 80.00 	 80.00 	 0.0000 	 9.71 
j3043_2 	 3 	 2 	 57.00 	 57.00 	 0.0000 	 1.04 
j3043_2 	 5 	 2 	 63.00 	 63.00 	 0.0000 	 1.53 
j3043_2 	 7 	 2 	 66.00 	 66.00 	 0.0000 	 2.40 
j3043_3 	 3 	 2 	 72.00 	 72.00 	 0.0000 	 9.45 
j3043_3 	 5 	 2 	 80.00 	 80.00 	 0.0000 	 12.38 
j3043_3 	 7 	 2 	 87.00 	 87.00 	 0.0000 	 25.27 
j3043_4 	 3 	 2 	 82.00 	 82.00 	 0.0000 	 0.63 
j3043_4 	 5 	 2 	 91.00 	 91.00 	 0.0000 	 0.86 
j3043_4 	 7 	 2 	 99.00 	 99.00 	 0.0000 	 1.25 
j3043_5 	 3 	 2 	 79.00 	 79.00 	 0.0000 	 50.36 
j3043_5 	 5 	 2 	 88.00 	 88.00 	 0.0000 	 70.34 
j3043_5 	 7 	 2 	 95.00 	 95.00 	 0.0000 	 59.72 
j3043_6 	 3 	 2 	 73.00 	 73.00 	 0.0000 	 3.24 
j3043_6 	 5 	 2 	 82.00 	 82.00 	 0.0000 	 6.58 
j3043_6 	 7 	 2 	 87.00 	 87.00 	 0.0000 	 13.16 
j3043_7 	 3 	 2 	 67.00 	 67.00 	 0.0000 	 0.55 
j3043_7 	 5 	 2 	 75.00 	 75.00 	 0.0000 	 0.99 
j3043_7 	 7 	 2 	 80.00 	 80.00 	 0.0000 	 1.42 
j3043_8 	 3 	 2 	 77.00 	 77.00 	 0.0000 	 5.42 
j3043_8 	 5 	 2 	 85.00 	 85.00 	 0.0000 	 5.90 
j3043_8 	 7 	 2 	 91.00 	 91.00 	 0.0000 	 8.71 
j3043_9 	 3 	 2 	 72.00 	 72.00 	 0.0000 	 32.79 
j3043_9 	 5 	 2 	 80.00 	 80.00 	 0.0000 	 612.18 
j3043_9 	 7 	 9 	 84.00 	 85.00 	 0.0118 	 1200.03 
j3043_10 	 3 	 2 	 75.00 	 75.00 	 0.0000 	 122.24 
j3043_10 	 5 	 2 	 83.00 	 83.00 	 0.0000 	 432.40 
j3043_10 	 7 	 2 	 89.00 	 89.00 	 0.0000 	 63.00 
j3044_1 	 3 	 2 	 63.00 	 63.00 	 0.0000 	 0.89 
j3044_1 	 5 	 2 	 69.00 	 69.00 	 0.0000 	 0.77 
j3044_1 	 7 	 2 	 74.00 	 74.00 	 0.0000 	 2.56 
j3044_2 	 3 	 2 	 69.00 	 69.00 	 0.0000 	 0.50 
j3044_2 	 5 	 2 	 78.00 	 78.00 	 0.0000 	 1.28 
j3044_2 	 7 	 2 	 82.00 	 82.00 	 0.0000 	 1.46 
j3044_3 	 3 	 2 	 66.00 	 66.00 	 0.0000 	 0.57 
j3044_3 	 5 	 2 	 74.00 	 74.00 	 0.0000 	 0.89 
j3044_3 	 7 	 2 	 79.00 	 79.00 	 0.0000 	 1.53 
j3044_4 	 3 	 2 	 72.00 	 72.00 	 0.0000 	 0.52 
j3044_4 	 5 	 2 	 81.00 	 81.00 	 0.0000 	 0.87 
j3044_4 	 7 	 2 	 86.00 	 86.00 	 0.0000 	 1.31 
j3044_5 	 3 	 2 	 70.00 	 70.00 	 0.0000 	 0.51 
j3044_5 	 5 	 2 	 78.00 	 78.00 	 0.0000 	 0.73 
j3044_5 	 7 	 2 	 85.00 	 85.00 	 0.0000 	 1.41 
j3044_6 	 3 	 2 	 70.00 	 70.00 	 0.0000 	 0.52 
j3044_6 	 5 	 2 	 76.00 	 76.00 	 0.0000 	 0.92 
j3044_6 	 7 	 2 	 82.00 	 82.00 	 0.0000 	 1.22 
j3044_7 	 3 	 2 	 55.00 	 55.00 	 0.0000 	 0.79 
j3044_7 	 5 	 2 	 61.00 	 61.00 	 0.0000 	 1.56 
j3044_7 	 7 	 2 	 63.00 	 63.00 	 0.0000 	 2.19 
j3044_8 	 3 	 2 	 62.00 	 62.00 	 0.0000 	 0.94 
j3044_8 	 5 	 2 	 69.00 	 69.00 	 0.0000 	 1.79 
j3044_8 	 7 	 2 	 74.00 	 74.00 	 0.0000 	 2.65 
j3044_9 	 3 	 2 	 79.00 	 79.00 	 0.0000 	 0.51 
j3044_9 	 5 	 2 	 86.00 	 86.00 	 0.0000 	 1.19 
j3044_9 	 7 	 2 	 92.00 	 92.00 	 0.0000 	 1.42 
j3044_10 	 3 	 2 	 78.00 	 78.00 	 0.0000 	 0.55 
j3044_10 	 5 	 2 	 88.00 	 88.00 	 0.0000 	 1.21 
j3044_10 	 7 	 2 	 95.00 	 95.00 	 0.0000 	 1.50 
j3045_1 	 3 	 9 	 66.00 	 105.00 	 0.3714 	 1200.02 
j3045_1 	 5 	 9 	 74.00 	 114.00 	 0.3509 	 1200.02 
j3045_1 	 7 	 9 	 79.00 	 121.00 	 0.3471 	 1200.04 
j3045_2 	 3 	 9 	 78.00 	 153.00 	 0.4902 	 1200.02 
j3045_2 	 5 	 9 	 87.00 	 166.00 	 0.4759 	 1200.02 
j3045_2 	 7 	 9 	 93.00 	 174.00 	 0.4655 	 1200.02 
j3045_3 	 3 	 9 	 75.00 	 114.00 	 0.3421 	 1200.02 
j3045_3 	 5 	 9 	 84.00 	 122.00 	 0.3115 	 1200.03 
j3045_3 	 7 	 9 	 88.00 	 131.00 	 0.3282 	 1200.02 
j3045_4 	 3 	 9 	 73.00 	 108.00 	 0.3241 	 1200.02 
j3045_4 	 5 	 9 	 80.00 	 115.00 	 0.3043 	 1200.02 
j3045_4 	 7 	 9 	 85.00 	 122.00 	 0.3033 	 1200.02 
j3045_5 	 3 	 9 	 73.00 	 104.00 	 0.2981 	 1200.02 
j3045_5 	 5 	 9 	 82.00 	 120.00 	 0.3167 	 1200.03 
j3045_5 	 7 	 9 	 87.00 	 132.00 	 0.3409 	 1200.03 
j3045_6 	 3 	 9 	 89.00 	 162.00 	 0.4506 	 1200.03 
j3045_6 	 5 	 9 	 104.00 	 172.00 	 0.3953 	 1200.01 
j3045_6 	 7 	 9 	 106.00 	 182.00 	 0.4176 	 1200.02 
j3045_7 	 3 	 9 	 88.00 	 125.00 	 0.2960 	 1200.02 
j3045_7 	 5 	 9 	 95.00 	 134.00 	 0.2910 	 1200.04 
j3045_7 	 7 	 9 	 103.00 	 142.00 	 0.2746 	 1200.03 
j3045_8 	 3 	 9 	 83.00 	 116.00 	 0.2845 	 1200.01 
j3045_8 	 5 	 9 	 91.00 	 125.00 	 0.2720 	 1200.03 
j3045_8 	 7 	 9 	 98.00 	 133.00 	 0.2632 	 1200.02 
j3045_9 	 3 	 9 	 72.00 	 114.00 	 0.3684 	 1200.02 
j3045_9 	 5 	 9 	 79.00 	 123.00 	 0.3577 	 1200.02 
j3045_9 	 7 	 9 	 82.00 	 131.00 	 0.3740 	 1200.04 
j3045_10 	 3 	 9 	 72.00 	 115.00 	 0.3739 	 1200.02 
j3045_10 	 5 	 9 	 80.00 	 119.00 	 0.3277 	 1200.04 
j3045_10 	 7 	 9 	 86.00 	 131.00 	 0.3435 	 1200.02 
j3046_1 	 3 	 9 	 73.00 	 74.00 	 0.0135 	 1200.01 
j3046_1 	 5 	 9 	 80.00 	 83.00 	 0.0361 	 1200.02 
j3046_1 	 7 	 9 	 86.00 	 87.00 	 0.0115 	 1200.07 
j3046_2 	 3 	 9 	 78.00 	 81.00 	 0.0370 	 1200.02 
j3046_2 	 5 	 9 	 86.00 	 90.00 	 0.0444 	 1200.02 
j3046_2 	 7 	 9 	 93.00 	 97.00 	 0.0412 	 1200.02 
j3046_3 	 3 	 2 	 79.00 	 79.00 	 0.0000 	 631.58 
j3046_3 	 5 	 2 	 88.00 	 88.00 	 0.0000 	 231.88 
j3046_3 	 7 	 2 	 95.00 	 95.00 	 0.0000 	 38.52 
j3046_4 	 3 	 9 	 78.00 	 79.00 	 0.0127 	 1200.03 
j3046_4 	 5 	 9 	 86.00 	 87.00 	 0.0115 	 1200.02 
j3046_4 	 7 	 9 	 92.00 	 93.00 	 0.0108 	 1200.02 
j3046_5 	 3 	 2 	 72.00 	 72.00 	 0.0000 	 72.64 
j3046_5 	 5 	 2 	 81.00 	 81.00 	 0.0000 	 119.18 
j3046_5 	 7 	 2 	 86.00 	 86.00 	 0.0000 	 64.07 
j3046_6 	 3 	 9 	 71.00 	 73.00 	 0.0274 	 1200.02 
j3046_6 	 5 	 9 	 80.00 	 81.00 	 0.0123 	 1200.01 
j3046_6 	 7 	 9 	 85.00 	 87.00 	 0.0230 	 1200.03 
j3046_7 	 3 	 9 	 62.00 	 74.00 	 0.1622 	 1200.01 
j3046_7 	 5 	 9 	 67.00 	 84.00 	 0.2024 	 1200.02 
j3046_7 	 7 	 9 	 72.00 	 90.00 	 0.2000 	 1200.04 
j3046_8 	 3 	 9 	 71.00 	 74.00 	 0.0405 	 1200.02 
j3046_8 	 5 	 9 	 77.00 	 82.00 	 0.0610 	 1200.01 
j3046_8 	 7 	 9 	 83.00 	 88.00 	 0.0568 	 1200.02 
j3046_9 	 3 	 2 	 64.00 	 64.00 	 0.0000 	 1159.97 
j3046_9 	 5 	 9 	 68.00 	 70.00 	 0.0286 	 1200.01 
j3046_9 	 7 	 9 	 73.00 	 74.00 	 0.0135 	 1200.04 
j3046_10 	 3 	 9 	 63.00 	 70.00 	 0.1000 	 1200.01 
j3046_10 	 5 	 9 	 70.00 	 78.00 	 0.1026 	 1200.02 
j3046_10 	 7 	 9 	 72.00 	 83.00 	 0.1325 	 1200.03 
j3047_1 	 3 	 2 	 72.00 	 72.00 	 0.0000 	 1.70 
j3047_1 	 5 	 2 	 80.00 	 80.00 	 0.0000 	 7.52 
j3047_1 	 7 	 2 	 85.00 	 85.00 	 0.0000 	 3.89 
j3047_2 	 3 	 2 	 73.00 	 73.00 	 0.0000 	 0.73 
j3047_2 	 5 	 2 	 81.00 	 81.00 	 0.0000 	 1.00 
j3047_2 	 7 	 2 	 87.00 	 87.00 	 0.0000 	 1.35 
j3047_3 	 3 	 2 	 70.00 	 70.00 	 0.0000 	 0.66 
j3047_3 	 5 	 2 	 78.00 	 78.00 	 0.0000 	 1.98 
j3047_3 	 7 	 2 	 84.00 	 84.00 	 0.0000 	 1.22 
j3047_4 	 3 	 2 	 62.00 	 62.00 	 0.0000 	 28.98 
j3047_4 	 5 	 2 	 68.00 	 68.00 	 0.0000 	 31.51 
j3047_4 	 7 	 2 	 72.00 	 72.00 	 0.0000 	 15.62 
j3047_5 	 3 	 2 	 60.00 	 60.00 	 0.0000 	 90.93 
j3047_5 	 5 	 2 	 66.00 	 66.00 	 0.0000 	 445.86 
j3047_5 	 7 	 2 	 70.00 	 70.00 	 0.0000 	 334.01 
j3047_6 	 3 	 2 	 68.00 	 68.00 	 0.0000 	 36.90 
j3047_6 	 5 	 2 	 75.00 	 75.00 	 0.0000 	 11.18 
j3047_6 	 7 	 2 	 79.00 	 79.00 	 0.0000 	 20.02 
j3047_7 	 3 	 9 	 79.00 	 81.00 	 0.0247 	 1200.01 
j3047_7 	 5 	 9 	 85.00 	 89.00 	 0.0449 	 1200.02 
j3047_7 	 7 	 9 	 94.00 	 96.00 	 0.0208 	 1200.03 
j3047_8 	 3 	 2 	 62.00 	 62.00 	 0.0000 	 0.82 
j3047_8 	 5 	 2 	 70.00 	 70.00 	 0.0000 	 1.68 
j3047_8 	 7 	 2 	 73.00 	 73.00 	 0.0000 	 1.76 
j3047_9 	 3 	 2 	 80.00 	 80.00 	 0.0000 	 0.58 
j3047_9 	 5 	 2 	 90.00 	 90.00 	 0.0000 	 0.87 
j3047_9 	 7 	 2 	 97.00 	 97.00 	 0.0000 	 1.39 
j3047_10 	 3 	 2 	 74.00 	 74.00 	 0.0000 	 809.63 
j3047_10 	 5 	 9 	 80.00 	 81.00 	 0.0123 	 1200.05 
j3047_10 	 7 	 9 	 85.00 	 86.00 	 0.0116 	 1200.02 
j3048_1 	 3 	 2 	 78.00 	 78.00 	 0.0000 	 0.51 
j3048_1 	 5 	 2 	 85.00 	 85.00 	 0.0000 	 0.68 
j3048_1 	 7 	 2 	 91.00 	 91.00 	 0.0000 	 0.98 
j3048_2 	 3 	 2 	 66.00 	 66.00 	 0.0000 	 0.54 
j3048_2 	 5 	 2 	 73.00 	 73.00 	 0.0000 	 1.22 
j3048_2 	 7 	 2 	 78.00 	 78.00 	 0.0000 	 1.91 
j3048_3 	 3 	 2 	 64.00 	 64.00 	 0.0000 	 0.58 
j3048_3 	 5 	 2 	 71.00 	 71.00 	 0.0000 	 0.90 
j3048_3 	 7 	 2 	 76.00 	 76.00 	 0.0000 	 1.20 
j3048_4 	 3 	 2 	 72.00 	 72.00 	 0.0000 	 0.55 
j3048_4 	 5 	 2 	 81.00 	 81.00 	 0.0000 	 0.92 
j3048_4 	 7 	 2 	 86.00 	 86.00 	 0.0000 	 1.21 
j3048_5 	 3 	 2 	 73.00 	 73.00 	 0.0000 	 0.64 
j3048_5 	 5 	 2 	 83.00 	 83.00 	 0.0000 	 0.87 
j3048_5 	 7 	 2 	 89.00 	 89.00 	 0.0000 	 1.10 
j3048_6 	 3 	 2 	 73.00 	 73.00 	 0.0000 	 0.55 
j3048_6 	 5 	 2 	 82.00 	 82.00 	 0.0000 	 0.77 
j3048_6 	 7 	 2 	 87.00 	 87.00 	 0.0000 	 1.00 
j3048_7 	 3 	 2 	 68.00 	 68.00 	 0.0000 	 1.07 
j3048_7 	 5 	 2 	 74.00 	 74.00 	 0.0000 	 1.24 
j3048_7 	 7 	 2 	 80.00 	 80.00 	 0.0000 	 1.84 
j3048_8 	 3 	 2 	 58.00 	 58.00 	 0.0000 	 0.47 
j3048_8 	 5 	 2 	 64.00 	 64.00 	 0.0000 	 0.88 
j3048_8 	 7 	 2 	 68.00 	 68.00 	 0.0000 	 1.17 
j3048_9 	 3 	 2 	 74.00 	 74.00 	 0.0000 	 0.61 
j3048_9 	 5 	 2 	 83.00 	 83.00 	 0.0000 	 0.90 
j3048_9 	 7 	 2 	 89.00 	 89.00 	 0.0000 	 1.22 
j3048_10 	 3 	 2 	 67.00 	 67.00 	 0.0000 	 0.69 
j3048_10 	 5 	 2 	 75.00 	 75.00 	 0.0000 	 1.24 
j3048_10 	 7 	 2 	 82.00 	 82.00 	 0.0000 	 1.23 
